# Matter power spectrum P(k) at redshift z=0
# for k=1.04974e-05 to 8.53491 h/Mpc,
# number of wavenumbers equal to 558
#    1:k (h/Mpc)              2:P (Mpc/h)^3        
       1.049743788834e-05       4.730151174231e+01 
       2.344149348009e-05       1.027844408567e+02 
       3.643150557641e-05       1.573657379960e+02 
       4.950276898304e-05       2.116073164296e+02 
       6.269116787866e-05       2.658337545211e+02 
       7.603349891460e-05       3.202912786625e+02 
       8.956780474155e-05       3.751924248611e+02 
       1.033337224394e-04       4.307343874358e+02 
       1.173728513602e-04       4.871085090642e+02 
       1.317291449285e-04       5.445060629658e+02 
       1.464493309473e-04       6.031223225830e+02 
       1.615833648907e-04       6.630869859171e+02 
       1.771849204754e-04       7.247436357036e+02 
       1.933119214006e-04       7.882570705543e+02 
       2.100271174486e-04       8.538670609339e+02 
       2.273987069840e-04       9.218307893766e+02 
       2.455010061159e-04       9.924253155590e+02 
       2.644151621518e-04       1.065950069161e+03 
       2.842299051866e-04       1.142729349427e+03 
       3.050423263886e-04       1.223114787381e+03 
       3.269586643615e-04       1.307487684788e+03 
       3.500950714572e-04       1.396261119334e+03 
       3.745783196978e-04       1.489881639808e+03 
       4.005463907912e-04       1.588830326703e+03 
       4.281488766525e-04       1.693622927897e+03 
       4.575470965037e-04       1.804808710810e+03 
       4.889138155558e-04       1.922967590290e+03 
       5.224324313040e-04       2.048705062833e+03 
       5.582954811241e-04       2.182644434424e+03 
       5.967023254859e-04       2.325415882930e+03 
       6.378558826105e-04       2.477641995956e+03 
       6.819583410322e-04       2.639919704193e+03 
       7.292058626023e-04       2.812798810816e+03 
       7.797824108384e-04       2.996757892842e+03 
       8.338529896116e-04       3.192178890969e+03 
       8.915567340250e-04       3.399322142372e+03 
       9.530004261315e-04       3.618304270862e+03 
       1.018253073984e-03       3.849081284143e+03 
       1.087342160055e-03       4.091439078393e+03 
       1.160252020405e-03       4.344992983204e+03 
       1.236924575034e-03       4.609196694763e+03 
       1.317262338136e-03       4.883360236411e+03 
       1.401133357662e-03       5.166647767858e+03 
       1.488377526331e-03       5.458172520186e+03 
       1.578813608190e-03       5.756989292760e+03 
       1.672246341137e-03       6.062112291410e+03 
       1.768473082609e-03       6.372554131261e+03 
       1.867289623546e-03       6.687348615259e+03 
       1.968494964067e-03       7.005568635804e+03 
       2.071894992350e-03       7.326339377380e+03 
       2.177305119232e-03       7.648847234181e+03 
       2.284551991183e-03       7.972344664672e+03 
       2.393474438311e-03       8.296152070428e+03 
       2.503923820822e-03       8.619656265469e+03 
       2.615763926479e-03       8.942309313663e+03 
       2.728870551105e-03       9.263624338031e+03 
       2.843130870257e-03       9.583170086568e+03 
       2.958442686538e-03       9.900568916658e+03 
       3.074713615871e-03       1.021548946713e+04 
       3.191860258335e-03       1.052764355887e+04 
       3.309807384944e-03       1.083678083448e+04 
       3.428487160834e-03       1.114268621614e+04 
       3.547838417153e-03       1.144517306591e+04 
       3.667805978095e-03       1.174408421537e+04 
       3.788340045371e-03       1.203928399930e+04 
       3.909395639654e-03       1.233066095057e+04 
       4.030932096742e-03       1.261811928982e+04 
       4.152912615127e-03       1.290158241821e+04 
       4.275303851069e-03       1.318098568518e+04 
       4.398075557068e-03       1.345628212230e+04 
       4.521200259642e-03       1.372742968414e+04 
       4.644652972448e-03       1.399440297527e+04 
       4.768410941029e-03       1.425717704213e+04 
       4.892453415780e-03       1.451573432893e+04 
       5.016761449979e-03       1.477008898135e+04 
       5.141317720081e-03       1.502023444906e+04 
       5.266106365726e-03       1.526616843503e+04 
       5.391112847210e-03       1.550791509717e+04 
       5.516323818407e-03       1.574547110455e+04 
       5.641727013360e-03       1.597886577702e+04 
       5.767311144976e-03       1.620811130400e+04 
       5.893065814425e-03       1.643322703436e+04 
       6.018981430030e-03       1.665425974651e+04 
       6.145049134564e-03       1.687121607608e+04 
       6.271260740005e-03       1.708413411657e+04 
       6.397608668908e-03       1.729304417569e+04 
       6.524085901671e-03       1.749797474196e+04 
       6.650685929023e-03       1.769896423366e+04 
       6.777402709184e-03       1.789604620823e+04 
       6.904230629174e-03       1.808925270484e+04 
       7.031164469837e-03       1.827862589097e+04 
       7.158199374175e-03       1.846419961547e+04 
       7.285330818649e-03       1.864600817255e+04 
       7.412554587144e-03       1.882408908119e+04 
       7.539866747306e-03       1.899848060554e+04 
       7.667263629027e-03       1.916922705864e+04 
       7.794741804850e-03       1.933635386130e+04 
       7.922298072107e-03       1.949991153068e+04 
       8.049929436618e-03       1.965993462347e+04 
       8.177633097798e-03       1.981645401205e+04 
       8.305406435034e-03       1.996951630327e+04 
       8.433246995221e-03       2.011916167496e+04 
       8.561152481326e-03       2.026541941289e+04 
       8.689120741909e-03       2.040833920701e+04 
       8.817149761500e-03       2.054794740951e+04 
       8.945237651744e-03       2.068428475450e+04 
       9.073382643271e-03       2.081739160016e+04 
       9.201583078197e-03       2.094730319966e+04 
       9.329837403224e-03       2.107405201438e+04 
       9.458144163269e-03       2.119767991667e+04 
       9.586501995589e-03       2.131822465982e+04 
       9.714909624354e-03       2.143571126504e+04 
       9.843365855626e-03       2.155017784888e+04 
       9.971869572721e-03       2.166166937980e+04 
       1.010041973191e-02       2.177020726577e+04 
       1.022901535845e-02       2.187583622333e+04 
       1.035765554288e-02       2.197858111617e+04 
       1.048633943763e-02       2.207847545826e+04 
       1.061506625381e-02       2.217556730297e+04 
       1.074383525830e-02       2.226987403263e+04 
       1.087264577102e-02       2.236143200212e+04 
       1.100149716235e-02       2.245027844711e+04 
       1.113038885083e-02       2.253642845428e+04 
       1.125932030092e-02       2.261994322831e+04 
       1.138829102097e-02       2.270083307102e+04 
       1.151730056135e-02       2.277913500145e+04 
       1.164634851264e-02       2.285487436448e+04 
       1.177543450406e-02       2.292809098777e+04 
       1.190455820187e-02       2.299880825442e+04 
       1.203371930800e-02       2.306706647792e+04 
       1.216291755871e-02       2.313287711472e+04 
       1.229215272337e-02       2.319628821914e+04 
       1.242142460332e-02       2.325732964654e+04 
       1.255073303082e-02       2.331601960906e+04 
       1.268007786803e-02       2.337239433569e+04 
       1.280945900617e-02       2.342648633228e+04 
       1.293887636459e-02       2.347832079302e+04 
       1.306832989004e-02       2.352792131215e+04 
       1.319781955594e-02       2.357532330978e+04 
       1.332734536170e-02       2.362055068497e+04 
       1.345690733210e-02       2.366362966526e+04 
       1.358650551672e-02       2.370459284068e+04 
       1.371613998945e-02       2.374346406017e+04 
       1.384581084796e-02       2.378026041611e+04 
       1.397551821330e-02       2.381502211573e+04 
       1.410526222951e-02       2.384776836504e+04 
       1.423504306321e-02       2.387853447743e+04 
       1.436486090332e-02       2.390733881001e+04 
       1.449471596076e-02       2.393419088502e+04 
       1.462460846818e-02       2.395915228839e+04 
       1.475453867974e-02       2.398221534118e+04 
       1.488450687089e-02       2.400342588513e+04 
       1.501451333823e-02       2.402278791140e+04 
       1.514455839935e-02       2.404034463815e+04 
       1.527464239270e-02       2.405611779611e+04 
       1.540476567752e-02       2.407012538044e+04 
       1.553492863373e-02       2.408238220828e+04 
       1.566513166193e-02       2.409292401146e+04 
       1.579537518335e-02       2.410177376039e+04 
       1.592565963983e-02       2.410895185952e+04 
       1.605598549388e-02       2.411448191966e+04 
       1.618635322867e-02       2.411837754426e+04 
       1.631676334813e-02       2.412067867741e+04 
       1.644721637700e-02       2.412139836789e+04 
       1.657771286092e-02       2.412055306430e+04 
       1.670825336657e-02       2.411815998339e+04 
       1.683883848179e-02       2.411427445967e+04 
       1.696946881572e-02       2.410887120141e+04 
       1.710014499898e-02       2.410200793390e+04 
       1.723086768385e-02       2.409368825280e+04 
       1.736163754447e-02       2.408393432572e+04 
       1.749245527708e-02       2.407276768711e+04 
       1.762332160022e-02       2.406021195982e+04 
       1.775423725501e-02       2.404629198255e+04 
       1.788520300541e-02       2.403102107399e+04 
       1.801621963851e-02       2.401442116870e+04 
       1.814728796482e-02       2.399650498892e+04 
       1.827840881860e-02       2.397729800232e+04 
       1.840958305822e-02       2.395684859365e+04 
       1.854081156645e-02       2.393509875509e+04 
       1.867209525091e-02       2.391214721181e+04 
       1.880343504438e-02       2.388799359714e+04 
       1.893483190525e-02       2.386262724129e+04 
       1.906628681793e-02       2.383605247366e+04 
       1.919780079330e-02       2.380838055136e+04 
       1.932937486913e-02       2.377953419657e+04 
       1.946101011060e-02       2.374960096856e+04 
       1.959270761075e-02       2.371853192142e+04 
       1.972446849103e-02       2.368640987371e+04 
       1.985629390180e-02       2.365320077276e+04 
       1.998818502288e-02       2.361893618365e+04 
       2.012014306414e-02       2.358366936062e+04 
       2.025216926606e-02       2.354738324420e+04 
       2.038426490036e-02       2.351008445101e+04 
       2.051643127062e-02       2.347180944182e+04 
       2.064866971290e-02       2.343260450958e+04 
       2.078098159649e-02       2.339242161831e+04 
       2.091336832450e-02       2.335137963617e+04 
       2.104583133466e-02       2.330935758357e+04 
       2.117837210001e-02       2.326646528174e+04 
       2.131099212968e-02       2.322268552351e+04 
       2.144369296968e-02       2.317804937468e+04 
       2.157647620370e-02       2.313257753910e+04 
       2.170934345396e-02       2.308628508409e+04 
       2.184229638205e-02       2.303916543090e+04 
       2.197533668987e-02       2.299128022761e+04 
       2.210846612048e-02       2.294261397360e+04 
       2.224168645912e-02       2.289320392431e+04 
       2.237499953411e-02       2.284297353709e+04 
       2.250840721795e-02       2.279204248592e+04 
       2.264191142827e-02       2.274039614846e+04 
       2.277551412895e-02       2.268806974098e+04 
       2.290921733124e-02       2.263506721984e+04 
       2.304302309484e-02       2.258134247215e+04 
       2.317693352913e-02       2.252693113453e+04 
       2.331095079438e-02       2.247195546661e+04 
       2.344507710296e-02       2.241630150545e+04 
       2.357931472066e-02       2.236008529785e+04 
       2.371366596802e-02       2.230322526560e+04 
       2.384813322171e-02       2.224576604117e+04 
       2.398271891592e-02       2.218771237581e+04 
       2.411742554383e-02       2.212915169911e+04 
       2.425225565915e-02       2.207003619172e+04 
       2.438721187763e-02       2.201038526405e+04 
       2.452229687871e-02       2.195016945806e+04 
       2.465751340712e-02       2.188946806988e+04 
       2.479286427468e-02       2.182832712835e+04 
       2.492835236198e-02       2.176662683779e+04 
       2.506398062026e-02       2.170448212040e+04 
       2.519975207328e-02       2.164188577049e+04 
       2.533566981927e-02       2.157884388177e+04 
       2.547173703296e-02       2.151532696362e+04 
       2.560795696763e-02       2.145145877848e+04 
       2.574433295728e-02       2.138711245994e+04 
       2.588086841885e-02       2.132242903940e+04 
       2.601756685455e-02       2.125729320653e+04 
       2.615443185417e-02       2.119183558435e+04 
       2.629146709761e-02       2.112596643475e+04 
       2.642867635739e-02       2.105973295054e+04 
       2.656606350129e-02       2.099318174714e+04 
       2.670363249507e-02       2.092633767005e+04 
       2.684138740531e-02       2.085908109976e+04 
       2.697933240233e-02       2.079154334772e+04 
       2.711747176318e-02       2.072372435661e+04 
       2.725580987485e-02       2.065560844168e+04 
       2.739435123743e-02       2.058721575826e+04 
       2.753310046757e-02       2.051854531711e+04 
       2.767206230189e-02       2.044960620339e+04 
       2.781124160065e-02       2.038041225451e+04 
       2.795064335150e-02       2.031098232720e+04 
       2.809027267337e-02       2.024136427376e+04 
       2.823013482050e-02       2.017141301901e+04 
       2.837023518666e-02       2.010133646524e+04 
       2.851057930950e-02       2.003102077823e+04 
       2.865117287508e-02       1.996049644357e+04 
       2.879202172256e-02       1.988976795170e+04 
       2.893313184912e-02       1.981890963561e+04 
       2.907450941498e-02       1.974786330953e+04 
       2.921616074877e-02       1.967664074092e+04 
       2.935809235295e-02       1.960526598425e+04 
       2.950031090956e-02       1.953369493000e+04 
       2.964282328617e-02       1.946206761929e+04 
       2.978563654208e-02       1.939025934117e+04 
       2.992875793475e-02       1.931834620958e+04 
       3.007219492657e-02       1.924628909570e+04 
       3.021595519180e-02       1.917412344977e+04 
       3.036004662395e-02       1.910188802727e+04 
       3.050447734333e-02       1.902951449359e+04 
       3.064925570504e-02       1.895703901108e+04 
       3.079439030726e-02       1.888453520391e+04 
       3.093988999989e-02       1.881187557606e+04 
       3.108576389362e-02       1.873920581408e+04 
       3.123202136935e-02       1.866646804338e+04 
       3.137867208810e-02       1.859366311396e+04 
       3.152572600133e-02       1.852077624193e+04 
       3.167319336170e-02       1.844787882953e+04 
       3.182108473446e-02       1.837488838658e+04 
       3.196941100920e-02       1.830184479836e+04 
       3.211818341231e-02       1.822885135337e+04 
       3.226741351994e-02       1.815577588920e+04 
       3.241711327162e-02       1.808271540525e+04 
       3.256729498455e-02       1.800960265158e+04 
       3.271797136857e-02       1.793646348196e+04 
       3.286915554190e-02       1.786336199108e+04 
       3.302086104765e-02       1.779021648514e+04 
       3.317310187118e-02       1.771705678042e+04 
       3.332589245834e-02       1.764395936782e+04 
       3.347924773468e-02       1.757088892572e+04 
       3.363318312558e-02       1.749772048623e+04 
       3.378771457760e-02       1.742465859347e+04 
       3.394285858079e-02       1.735159620013e+04 
       3.409863219234e-02       1.727850454080e+04 
       3.425505306144e-02       1.720545454629e+04 
       3.441213945556e-02       1.713245870729e+04 
       3.456991028818e-02       1.705951392754e+04 
       3.472838514804e-02       1.698655672601e+04 
       3.488758433012e-02       1.691361163193e+04 
       3.504752886839e-02       1.684075907884e+04 
       3.520824057041e-02       1.676792458034e+04 
       3.536974205406e-02       1.669511636775e+04 
       3.553205678642e-02       1.662234838552e+04 
       3.569520912495e-02       1.654964632524e+04 
       3.585922436124e-02       1.647704250258e+04 
       3.602412876751e-02       1.640446420813e+04 
       3.618994964586e-02       1.633188044772e+04 
       3.635671538081e-02       1.625935071975e+04 
       3.652445549510e-02       1.618691457069e+04 
       3.669320070918e-02       1.611446740221e+04 
       3.686298300452e-02       1.604209564938e+04 
       3.703383569127e-02       1.596983302798e+04 
       3.720579348033e-02       1.589755327450e+04 
       3.737889256048e-02       1.582534575242e+04 
       3.755317068075e-02       1.575316785606e+04 
       3.772866723865e-02       1.568106426903e+04 
       3.790542337462e-02       1.560902973571e+04 
       3.808348207333e-02       1.553702740608e+04 
       3.826288827237e-02       1.546504959265e+04 
       3.844368897902e-02       1.539309426222e+04 
       3.862593339577e-02       1.532126808646e+04 
       3.880967305549e-02       1.524942354884e+04 
       3.899496196701e-02       1.517758714014e+04 
       3.918185677219e-02       1.510585403979e+04 
       3.937041691553e-02       1.503410236129e+04 
       3.956070482749e-02       1.496239179132e+04 
       3.975278612296e-02       1.489070989329e+04 
       3.994672981632e-02       1.481905664535e+04 
       4.014260855473e-02       1.474743220438e+04 
       4.034049887166e-02       1.467583498903e+04 
       4.054048146260e-02       1.460417879973e+04 
       4.074264148545e-02       1.453252751169e+04 
       4.094706888819e-02       1.446094521692e+04 
       4.115385876677e-02       1.438933461110e+04 
       4.136311175672e-02       1.431768589368e+04 
       4.157493446222e-02       1.424599710536e+04 
       4.178943992698e-02       1.417433587933e+04 
       4.200674815187e-02       1.410258491080e+04 
       4.222698666486e-02       1.403083307065e+04 
       4.245029114983e-02       1.395899050290e+04 
       4.267680614122e-02       1.388708327256e+04 
       4.290668579337e-02       1.381510789114e+04 
       4.314009473378e-02       1.374306096972e+04 
       4.337720901158e-02       1.367087654163e+04 
       4.361821715409e-02       1.359865767543e+04 
       4.386332134615e-02       1.352624950657e+04 
       4.411273874961e-02       1.345373371963e+04 
       4.436670298304e-02       1.338105481262e+04 
       4.462546578517e-02       1.330821295175e+04 
       4.488929888946e-02       1.323518080670e+04 
       4.515849614237e-02       1.316191885843e+04 
       4.543337590333e-02       1.308843817759e+04 
       4.571428377167e-02       1.301470913007e+04 
       4.600159569420e-02       1.294069483281e+04 
       4.629572151746e-02       1.286640114788e+04 
       4.659710906112e-02       1.279180839015e+04 
       4.690624880477e-02       1.271682388374e+04 
       4.722367929881e-02       1.264142625155e+04 
       4.754999343417e-02       1.256566075627e+04 
       4.788584573408e-02       1.248931457332e+04 
       4.823196086776e-02       1.241256162160e+04 
       4.858914363080e-02       1.233519714206e+04 
       4.895829069414e-02       1.225722266440e+04 
       4.934040449490e-02       1.217858702021e+04 
       4.973660973320e-02       1.209919035663e+04 
       5.014817305378e-02       1.201895278785e+04 
       5.057652663786e-02       1.193780210986e+04 
       5.102329661699e-02       1.185567118375e+04 
       5.149033745829e-02       1.177241539289e+04 
       5.197977377299e-02       1.168787926012e+04 
       5.249405138330e-02       1.160195464951e+04 
       5.303599996276e-02       1.151441214226e+04 
       5.360891015744e-02       1.142505117750e+04 
       5.421662880258e-02       1.133364075704e+04 
       5.486367664725e-02       1.123981916456e+04 
       5.555539379835e-02       1.114318559428e+04 
       5.629811866726e-02       1.104328629288e+04 
       5.709940604132e-02       1.093942879882e+04 
       5.796828795772e-02       1.083084801692e+04 
       5.891557526987e-02       1.071645816266e+04 
       5.995418433544e-02       1.059486131611e+04 
       6.109944551485e-02       1.046415699780e+04 
       6.236929812133e-02       1.032188896803e+04 
       6.378418878331e-02       1.016467008641e+04 
       6.536636562026e-02       9.988163774421e+03 
       6.713814057353e-02       9.786836282196e+03 
       6.911871977422e-02       9.554256108152e+03 
       7.131965191023e-02       9.283846586880e+03 
       7.374002532023e-02       8.970494683246e+03 
       7.636379223756e-02       8.612839724658e+03 
       7.916152845839e-02       8.215195936873e+03 
       8.209653637946e-02       7.788156742425e+03 
       8.513226794672e-02       7.347136737936e+03 
       8.823765766540e-02       6.909610182443e+03 
       9.138913592937e-02       6.492254229448e+03 
       9.457018017578e-02       6.108661268865e+03 
       9.776980618071e-02       5.768115777486e+03 
       1.009809587675e-01       5.475359214494e+03 
       1.041992041704e-01       5.230738228585e+03 
       1.074217935955e-01       5.031048625452e+03 
       1.106470370061e-01       4.870347307904e+03 
       1.138739005235e-01       4.740784917786e+03 
       1.171017535294e-01       4.633469608674e+03 
       1.203302119910e-01       4.539296339322e+03 
       1.235590422020e-01       4.449662952610e+03 
       1.267881019376e-01       4.357265325703e+03 
       1.300173045901e-01       4.256645280119e+03 
       1.332465973492e-01       4.144582947369e+03 
       1.364759479413e-01       4.020246022916e+03 
       1.397053365753e-01       3.884981208886e+03 
       1.429347510518e-01       3.741874749596e+03 
       1.461641837933e-01       3.595145991358e+03 
       1.493936300406e-01       3.449473051123e+03 
       1.526230867579e-01       3.309375834651e+03 
       1.558525519661e-01       3.178705341146e+03 
       1.590820243383e-01       3.060340058199e+03 
       1.623115029528e-01       2.955986572049e+03 
       1.655409871426e-01       2.866182048612e+03 
       1.687704764031e-01       2.790383149546e+03 
       1.719999703356e-01       2.727148150153e+03 
       1.752294686122e-01       2.674344953426e+03 
       1.784589709541e-01       2.629406674268e+03 
       1.816884771177e-01       2.589577271060e+03 
       1.849179868860e-01       2.552462849694e+03 
       1.881475000625e-01       2.515589840971e+03 
       1.913770164678e-01       2.476623447917e+03 
       1.946065359362e-01       2.434160842749e+03 
       1.978360583146e-01       2.387519956306e+03 
       2.010655834603e-01       2.336752124226e+03 
       2.042951112403e-01       2.282583532510e+03 
       2.075246415302e-01       2.226173407160e+03 
       2.107541742135e-01       2.168960967511e+03 
       2.139837091808e-01       2.112425809002e+03 
       2.172132463294e-01       2.057912519532e+03 
       2.204427855626e-01       2.006512012206e+03 
       2.236723267895e-01       1.959032196374e+03 
       2.269018699244e-01       1.915951292583e+03 
       2.301314148862e-01       1.877432169765e+03 
       2.333609615987e-01       1.843350977250e+03 
       2.365905099897e-01       1.813304588011e+03 
       2.398200599909e-01       1.786678943400e+03 
       2.430496115376e-01       1.762694600655e+03 
       2.462791645687e-01       1.740496883939e+03 
       2.495087190262e-01       1.719239091988e+03 
       2.527382748551e-01       1.698166825010e+03 
       2.559678320030e-01       1.676678742638e+03 
       2.591973904205e-01       1.654361767953e+03 
       2.624269500603e-01       1.631003605187e+03 
       2.656565108776e-01       1.606581862314e+03 
       2.688860728297e-01       1.581240297157e+03 
       2.721156358760e-01       1.555257739569e+03 
       2.753451999778e-01       1.529018937538e+03 
       2.785747650980e-01       1.502960580390e+03 
       2.818043312016e-01       1.477512647389e+03 
       2.850338982549e-01       1.453079711691e+03 
       2.882634662258e-01       1.429963088391e+03 
       2.914930350836e-01       1.408354331967e+03 
       2.947226047990e-01       1.388323591224e+03 
       2.979521753440e-01       1.369828448606e+03 
       3.011817466918e-01       1.352739506833e+03 
       3.044113188166e-01       1.336859944902e+03 
       3.076408916939e-01       1.321962892869e+03 
       3.108704653001e-01       1.307796592901e+03 
       3.141000396126e-01       1.294114717015e+03 
       3.173296146097e-01       1.280687444398e+03 
       3.205591902706e-01       1.267317736828e+03 
       3.237887665754e-01       1.253855008606e+03 
       3.270183435049e-01       1.240210267056e+03 
       3.302479210407e-01       1.226355459479e+03 
       3.334774991650e-01       1.212326825417e+03 
       3.367070778610e-01       1.198203456897e+03 
       3.399366571121e-01       1.184097176981e+03 
       3.431662369026e-01       1.170126470249e+03 
       3.463958172174e-01       1.156409733722e+03 
       3.496253980420e-01       1.143051836395e+03 
       3.528549793621e-01       1.130140345798e+03 
       3.560845611644e-01       1.117736425895e+03 
       3.593141434357e-01       1.105879754713e+03 
       3.625437261634e-01       1.094579731334e+03 
       3.657733093354e-01       1.083814225532e+03 
       3.690028929400e-01       1.073535732192e+03 
       3.722324769659e-01       1.063671963054e+03 
       3.754620614021e-01       1.054143648043e+03 
       3.786916462381e-01       1.044866733070e+03 
       3.819212314638e-01       1.035766786618e+03 
       3.851508170692e-01       1.026786329355e+03 
       3.883804030449e-01       1.017882996399e+03 
       3.916099893817e-01       1.009029616415e+03 
       3.948395760707e-01       1.000213395835e+03 
       3.980691631032e-01       9.914302177789e+02 
       4.012987504709e-01       9.826936780501e+02 
       4.045283381659e-01       9.740209721458e+02 
       4.077579261802e-01       9.654417277611e+02 
       4.109875145063e-01       9.569882603199e+02 
       4.142171031370e-01       9.486933850768e+02 
       4.174466920650e-01       9.405837616402e+02 
       4.206762812835e-01       9.326759627531e+02 
       4.239058707859e-01       9.249805048889e+02 
       4.271354605658e-01       9.174948644147e+02 
       4.303650506167e-01       9.102162819554e+02 
       4.335946409327e-01       9.031343388912e+02 
       4.368242315078e-01       8.962364897795e+02 
       4.400538223363e-01       8.895091534084e+02 
       4.432834134127e-01       8.829331977795e+02 
       4.465130047316e-01       8.764918593302e+02 
       4.497425962877e-01       8.701601768473e+02 
       4.529721880759e-01       8.639206615781e+02 
       4.562017800913e-01       8.577566714262e+02 
       4.594313723291e-01       8.516560473254e+02 
       4.626609647846e-01       8.456162709341e+02 
       4.658905574532e-01       8.396362181142e+02 
       4.691201503306e-01       8.337200418553e+02 
       4.723497434124e-01       8.278707558915e+02 
       4.755793366945e-01       8.220944966334e+02 
       4.788089301728e-01       8.163946370628e+02 
       4.820385238433e-01       8.107785872006e+02 
       4.852681177022e-01       8.052550445109e+02 
       4.884977117458e-01       7.998310640395e+02 
       4.917273059703e-01       7.945104188447e+02 
       4.949569003723e-01       7.892966658715e+02 
       4.981864949483e-01       7.841880207908e+02 
       5.014160896948e-01       7.791775760885e+02 
       5.046456846087e-01       7.742595891790e+02 
       5.078752796867e-01       7.694236689552e+02 
       5.111048749257e-01       7.646652293220e+02 
       5.143344703227e-01       7.599759896969e+02 
       5.175640658746e-01       7.553517074583e+02 
       5.207936615786e-01       7.507873422763e+02 
       5.240232574319e-01       7.462772574770e+02 
       5.272528534318e-01       7.418188337966e+02 
       5.304824495754e-01       7.374082548519e+02 
       5.337120458603e-01       7.330448092143e+02 
       5.369416422839e-01       7.287297669005e+02 
       5.401712388436e-01       7.244659518514e+02 
       5.434008355370e-01       7.202551737088e+02 
       5.466304323618e-01       7.161012969813e+02 
       5.498600293157e-01       7.120037277463e+02 
       5.530896263963e-01       7.079632597919e+02 
       5.563192236014e-01       7.039778214578e+02 
       5.595488209290e-01       7.000477342891e+02 
       5.627784183768e-01       6.961712326996e+02 
       5.660080159429e-01       6.923487731522e+02 
       5.692376136251e-01       6.885793665368e+02 
       5.966146836946e-01       6.584558794826e+02 
       6.275639394871e-01       6.276536168317e+02 
       6.633609294841e-01       5.958200994055e+02 
       7.060833127161e-01       5.620669585067e+02 
       7.593720182239e-01       5.251925062951e+02 
       8.301796462525e-01       4.831008022347e+02 
       9.328867308126e-01       4.323256751711e+02 
       1.096429059892e+00       3.685169905932e+02 
       1.354332099332e+00       2.942682981718e+02 
       1.702965184940e+00       2.240923281513e+02 
       2.143872659376e+00       1.643831353110e+02 
       2.698975665277e+00       1.161030482108e+02 
       3.397809050786e+00       7.917132590281e+01 
       4.277588158459e+00       5.238047482875e+01 
       5.385164433873e+00       3.380473903766e+01 
       6.779520352493e+00       2.138846279834e+01 
       8.534910451530e+00       1.332533537528e+01 
