# Matter power spectrum P(k) at redshift z=0
# for k=1.04974e-05 to 8.53491 h/Mpc,
# number of wavenumbers equal to 558
#    1:k (h/Mpc)              2:P (Mpc/h)^3        
       1.049743788834e-05       4.730184992255e+01 
       2.344149348009e-05       1.027851686113e+02 
       3.643150557641e-05       1.573668329688e+02 
       4.950276898304e-05       2.116087514640e+02 
       6.269116787866e-05       2.658354954845e+02 
       7.603349891460e-05       3.202932831307e+02 
       8.956780474155e-05       3.751946408321e+02 
       1.033337224394e-04       4.307367518507e+02 
       1.173728513602e-04       4.871109460280e+02 
       1.317291449285e-04       5.445084815774e+02 
       1.464493309473e-04       6.031246142811e+02 
       1.615833648907e-04       6.630895245545e+02 
       1.771849204754e-04       7.247458636449e+02 
       1.933119214006e-04       7.882588164341e+02 
       2.100271174486e-04       8.538681190906e+02 
       2.273987069840e-04       9.218309127838e+02 
       2.455010061159e-04       9.924242071304e+02 
       2.644151621518e-04       1.065947371046e+03 
       2.842299051866e-04       1.142724629814e+03 
       3.050423263886e-04       1.223107524216e+03 
       3.269586643615e-04       1.307477245683e+03 
       3.500950714572e-04       1.396246736756e+03 
       3.745783196978e-04       1.489862380477e+03 
       4.005463907912e-04       1.588805053879e+03 
       4.281488766525e-04       1.693590255032e+03 
       4.575470965037e-04       1.804766944777e+03 
       4.889138155558e-04       1.922914662192e+03 
       5.224324313040e-04       2.048638444250e+03 
       5.582954811241e-04       2.182561036928e+03 
       5.967023254859e-04       2.325311938867e+03 
       6.378558826105e-04       2.477512919035e+03 
       6.819583410322e-04       2.639759929316e+03 
       7.292058626023e-04       2.812601614106e+03 
       7.797824108384e-04       2.996515194869e+03 
       8.338529896116e-04       3.191881048828e+03 
       8.915567340250e-04       3.398957739307e+03 
       9.530004261315e-04       3.617859915166e+03 
       1.018253073984e-03       3.848541431587e+03 
       1.087342160055e-03       4.090785894042e+03 
       1.160252020405e-03       4.344206258041e+03 
       1.236924575034e-03       4.608253830642e+03 
       1.317262338136e-03       4.882236308382e+03 
       1.401133357662e-03       5.165315683946e+03 
       1.488377526331e-03       5.456603219793e+03 
       1.578813608190e-03       5.755152035443e+03 
       1.672246341137e-03       6.059975006736e+03 
       1.768473082609e-03       6.370083796000e+03 
       1.867289623546e-03       6.684511644322e+03 
       1.968494964067e-03       7.002331266616e+03 
       2.071894992350e-03       7.322668029057e+03 
       2.177305119232e-03       7.644708826134e+03 
       2.284551991183e-03       7.967706883805e+03 
       2.393474438311e-03       8.290983580310e+03 
       2.503923820822e-03       8.613926855978e+03 
       2.615763926479e-03       8.935989992167e+03 
       2.728870551105e-03       9.256687368292e+03 
       2.843130870257e-03       9.575588984265e+03 
       2.958442686538e-03       9.892318407839e+03 
       3.074713615871e-03       1.020654542399e+04 
       3.191860258335e-03       1.051798291966e+04 
       3.309807384944e-03       1.082638218160e+04 
       3.428487160834e-03       1.113152897289e+04 
       3.547838417153e-03       1.143323723238e+04 
       3.667805978095e-03       1.173135124116e+04 
       3.788340045371e-03       1.202573673549e+04 
       3.909395639654e-03       1.231628358539e+04 
       4.030932096742e-03       1.260289728647e+04 
       4.152912615127e-03       1.288550244603e+04 
       4.275303851069e-03       1.316403555904e+04 
       4.398075557068e-03       1.343845073269e+04 
       4.521200259642e-03       1.370870694400e+04 
       4.644652972448e-03       1.397477974900e+04 
       4.768410941029e-03       1.423664509835e+04 
       4.892453415780e-03       1.449428625856e+04 
       5.016761449979e-03       1.474771811857e+04 
       5.141317720081e-03       1.499693483001e+04 
       5.266106365726e-03       1.524193472528e+04 
       5.391112847210e-03       1.548274249173e+04 
       5.516323818407e-03       1.571935530330e+04 
       5.641727013360e-03       1.595180287430e+04 
       5.767311144976e-03       1.618009776001e+04 
       5.893065814425e-03       1.640425961269e+04 
       6.018981430030e-03       1.662433542307e+04 
       6.145049134564e-03       1.684033207385e+04 
       6.271260740005e-03       1.705228782500e+04 
       6.397608668908e-03       1.726023314858e+04 
       6.524085901671e-03       1.746419669431e+04 
       6.650685929023e-03       1.766421702426e+04 
       6.777402709184e-03       1.786032785733e+04 
       6.904230629174e-03       1.805256141140e+04 
       7.031164469837e-03       1.824096002976e+04 
       7.158199374175e-03       1.842555777253e+04 
       7.285330818649e-03       1.860638916383e+04 
       7.412554587144e-03       1.878349196269e+04 
       7.539866747306e-03       1.895690468500e+04 
       7.667263629027e-03       1.912667189043e+04 
       7.794741804850e-03       1.929281929252e+04 
       7.922298072107e-03       1.945539764279e+04 
       8.049929436618e-03       1.961444176016e+04 
       8.177633097798e-03       1.976998277569e+04 
       8.305406435034e-03       1.992206750212e+04 
       8.433246995221e-03       2.007073631823e+04 
       8.561152481326e-03       2.021601871629e+04 
       8.689120741909e-03       2.035796452268e+04 
       8.817149761500e-03       2.049660026360e+04 
       8.945237651744e-03       2.063196679575e+04 
       9.073382643271e-03       2.076410458854e+04 
       9.201583078197e-03       2.089304901183e+04 
       9.329837403224e-03       2.101883265043e+04 
       9.458144163269e-03       2.114149748074e+04 
       9.586501995589e-03       2.126108138227e+04 
       9.714909624354e-03       2.137760955473e+04 
       9.843365855626e-03       2.149112028222e+04 
       9.971869572721e-03       2.160165870992e+04 
       1.010041973191e-02       2.170924651935e+04 
       1.022901535845e-02       2.181392867133e+04 
       1.035765554288e-02       2.191573036453e+04 
       1.048633943763e-02       2.201468546018e+04 
       1.061506625381e-02       2.211084235008e+04 
       1.074383525830e-02       2.220421887410e+04 
       1.087264577102e-02       2.229485181656e+04 
       1.100149716235e-02       2.238277886021e+04 
       1.113038885083e-02       2.246801561995e+04 
       1.125932030092e-02       2.255062369790e+04 
       1.138829102097e-02       2.263061394731e+04 
       1.151730056135e-02       2.270802385121e+04 
       1.164634851264e-02       2.278287924088e+04 
       1.177543450406e-02       2.285522036383e+04 
       1.190455820187e-02       2.292507104875e+04 
       1.203371930800e-02       2.299247196853e+04 
       1.216291755871e-02       2.305743499392e+04 
       1.229215272337e-02       2.312000843850e+04 
       1.242142460332e-02       2.318022242431e+04 
       1.255073303082e-02       2.323809543531e+04 
       1.268007786803e-02       2.329366385502e+04 
       1.280945900617e-02       2.334696032006e+04 
       1.293887636459e-02       2.339801014451e+04 
       1.306832989004e-02       2.344683698312e+04 
       1.319781955594e-02       2.349347625635e+04 
       1.332734536170e-02       2.353795186438e+04 
       1.345690733210e-02       2.358028999403e+04 
       1.358650551672e-02       2.362052315274e+04 
       1.371613998945e-02       2.365867511105e+04 
       1.384581084796e-02       2.369476288844e+04 
       1.397551821330e-02       2.372882652229e+04 
       1.410526222951e-02       2.376088510851e+04 
       1.423504306321e-02       2.379097379855e+04 
       1.436486090332e-02       2.381911083485e+04 
       1.449471596076e-02       2.384530564073e+04 
       1.462460846818e-02       2.386961953637e+04 
       1.475453867974e-02       2.389204482609e+04 
       1.488450687089e-02       2.391262713382e+04 
       1.501451333823e-02       2.393137039376e+04 
       1.514455839935e-02       2.394831762187e+04 
       1.527464239270e-02       2.396349043730e+04 
       1.540476567752e-02       2.397690672682e+04 
       1.553492863373e-02       2.398858123376e+04 
       1.566513166193e-02       2.399854952146e+04 
       1.579537518335e-02       2.400683445965e+04 
       1.592565963983e-02       2.401345633916e+04 
       1.605598549388e-02       2.401843867294e+04 
       1.618635322867e-02       2.402179498686e+04 
       1.631676334813e-02       2.402356506322e+04 
       1.644721637700e-02       2.402376187788e+04 
       1.657771286092e-02       2.402240180604e+04 
       1.670825336657e-02       2.401950201628e+04 
       1.683883848179e-02       2.401511757874e+04 
       1.696946881572e-02       2.400922333984e+04 
       1.710014499898e-02       2.400187681131e+04 
       1.723086768385e-02       2.399308159143e+04 
       1.736163754447e-02       2.398285981783e+04 
       1.749245527708e-02       2.397123294319e+04 
       1.762332160022e-02       2.395822461089e+04 
       1.775423725501e-02       2.394385961406e+04 
       1.788520300541e-02       2.392815131779e+04 
       1.801621963851e-02       2.391112167131e+04 
       1.814728796482e-02       2.389278352510e+04 
       1.827840881860e-02       2.387316238508e+04 
       1.840958305822e-02       2.385230657178e+04 
       1.854081156645e-02       2.383015850816e+04 
       1.867209525091e-02       2.380681682364e+04 
       1.880343504438e-02       2.378228123351e+04 
       1.893483190525e-02       2.375654148749e+04 
       1.906628681793e-02       2.372960204928e+04 
       1.919780079330e-02       2.370157398271e+04 
       1.932937486913e-02       2.367238069985e+04 
       1.946101011060e-02       2.364210958168e+04 
       1.959270761075e-02       2.361071208461e+04 
       1.972446849103e-02       2.357827114263e+04 
       1.985629390180e-02       2.354475293284e+04 
       1.998818502288e-02       2.351018922834e+04 
       2.012014306414e-02       2.347463321584e+04 
       2.025216926606e-02       2.343806820336e+04 
       2.038426490036e-02       2.340050097404e+04 
       2.051643127062e-02       2.336196795626e+04 
       2.064866971290e-02       2.332251541786e+04 
       2.078098159649e-02       2.328209567662e+04 
       2.091336832450e-02       2.324082712806e+04 
       2.104583133466e-02       2.319858948940e+04 
       2.117837210001e-02       2.315549205486e+04 
       2.131099212968e-02       2.311151772233e+04 
       2.144369296968e-02       2.306669742292e+04 
       2.157647620370e-02       2.302105171031e+04 
       2.170934345396e-02       2.297459551496e+04 
       2.184229638205e-02       2.292732219619e+04 
       2.197533668987e-02       2.287929300679e+04 
       2.210846612048e-02       2.283049237288e+04 
       2.224168645912e-02       2.278095722984e+04 
       2.237499953411e-02       2.273061121278e+04 
       2.250840721795e-02       2.267957332131e+04 
       2.264191142827e-02       2.262782875688e+04 
       2.277551412895e-02       2.257541239696e+04 
       2.290921733124e-02       2.252232799294e+04 
       2.304302309484e-02       2.246852948383e+04 
       2.317693352913e-02       2.241405214807e+04 
       2.331095079438e-02       2.235901745724e+04 
       2.344507710296e-02       2.230331183986e+04 
       2.357931472066e-02       2.224705062947e+04 
       2.371366596802e-02       2.219015250777e+04 
       2.384813322171e-02       2.213266177084e+04 
       2.398271891592e-02       2.207458302272e+04 
       2.411742554383e-02       2.201600316614e+04 
       2.425225565915e-02       2.195687453934e+04 
       2.438721187763e-02       2.189721640706e+04 
       2.452229687871e-02       2.183699941904e+04 
       2.465751340712e-02       2.177630242769e+04 
       2.479286427468e-02       2.171517122025e+04 
       2.492835236198e-02       2.165348662858e+04 
       2.506398062026e-02       2.159136298591e+04 
       2.519975207328e-02       2.152879316822e+04 
       2.533566981927e-02       2.146578327916e+04 
       2.547173703296e-02       2.140230404691e+04 
       2.560795696763e-02       2.133847862382e+04 
       2.574433295728e-02       2.127418088362e+04 
       2.588086841885e-02       2.120955118934e+04 
       2.601756685455e-02       2.114447490756e+04 
       2.615443185417e-02       2.107908205081e+04 
       2.629146709761e-02       2.101328343174e+04 
       2.642867635739e-02       2.094712604439e+04 
       2.656606350129e-02       2.088065634197e+04 
       2.670363249507e-02       2.081389911515e+04 
       2.684138740531e-02       2.074673539064e+04 
       2.697933240233e-02       2.067929587219e+04 
       2.711747176318e-02       2.061158053038e+04 
       2.725580987485e-02       2.054357378343e+04 
       2.739435123743e-02       2.047529570389e+04 
       2.753310046757e-02       2.040674532230e+04 
       2.767206230189e-02       2.033793168020e+04 
       2.781124160065e-02       2.026886851489e+04 
       2.795064335150e-02       2.019957457067e+04 
       2.809027267337e-02       2.013009739683e+04 
       2.823013482050e-02       2.006029267102e+04 
       2.837023518666e-02       1.999036710250e+04 
       2.851057930950e-02       1.992020741002e+04 
       2.865117287508e-02       1.984984386763e+04 
       2.879202172256e-02       1.977928083078e+04 
       2.893313184912e-02       1.970859217525e+04 
       2.907450941498e-02       1.963771992295e+04 
       2.921616074877e-02       1.956667569779e+04 
       2.935809235295e-02       1.949548332295e+04 
       2.950031090956e-02       1.942409883918e+04 
       2.964282328617e-02       1.935266145119e+04 
       2.978563654208e-02       1.928104700929e+04 
       2.992875793475e-02       1.920933111851e+04 
       3.007219492657e-02       1.913747484827e+04 
       3.021595519180e-02       1.906551331771e+04 
       3.036004662395e-02       1.899348503415e+04 
       3.050447734333e-02       1.892132197353e+04 
       3.064925570504e-02       1.884906006085e+04 
       3.079439030726e-02       1.877677244443e+04 
       3.093988999989e-02       1.870433239840e+04 
       3.108576389362e-02       1.863188469067e+04 
       3.123202136935e-02       1.855937179618e+04 
       3.137867208810e-02       1.848679456316e+04 
       3.152572600133e-02       1.841413830114e+04 
       3.167319336170e-02       1.834147400696e+04 
       3.182108473446e-02       1.826871972293e+04 
       3.196941100920e-02       1.819591512025e+04 
       3.211818341231e-02       1.812316293765e+04 
       3.226741351994e-02       1.805033177205e+04 
       3.241711327162e-02       1.797751810497e+04 
       3.256729498455e-02       1.790465511574e+04 
       3.271797136857e-02       1.783176850341e+04 
       3.286915554190e-02       1.775892203860e+04 
       3.302086104765e-02       1.768603448843e+04 
       3.317310187118e-02       1.761313551623e+04 
       3.332589245834e-02       1.754030115945e+04 
       3.347924773468e-02       1.746749627620e+04 
       3.363318312558e-02       1.739459659026e+04 
       3.378771457760e-02       1.732180543512e+04 
       3.394285858079e-02       1.724901632509e+04 
       3.409863219234e-02       1.717620061215e+04 
       3.425505306144e-02       1.710342877384e+04 
       3.441213945556e-02       1.703071313057e+04 
       3.456991028818e-02       1.695805055816e+04 
       3.472838514804e-02       1.688537784933e+04 
       3.488758433012e-02       1.681271932452e+04 
       3.504752886839e-02       1.674015488844e+04 
       3.520824057041e-02       1.666761041911e+04 
       3.536974205406e-02       1.659509402917e+04 
       3.553205678642e-02       1.652261954333e+04 
       3.569520912495e-02       1.645021243382e+04 
       3.585922436124e-02       1.637790482648e+04 
       3.602412876751e-02       1.630562438500e+04 
       3.618994964586e-02       1.623334028818e+04 
       3.635671538081e-02       1.616111168133e+04 
       3.652445549510e-02       1.608897790165e+04 
       3.669320070918e-02       1.601683494804e+04 
       3.686298300452e-02       1.594476878310e+04 
       3.703383569127e-02       1.587281295685e+04 
       3.720579348033e-02       1.580084195828e+04 
       3.737889256048e-02       1.572894466406e+04 
       3.755317068075e-02       1.565707873508e+04 
       3.772866723865e-02       1.558528861667e+04 
       3.790542337462e-02       1.551356909741e+04 
       3.808348207333e-02       1.544188355620e+04 
       3.826288827237e-02       1.537022433300e+04 
       3.844368897902e-02       1.529858939748e+04 
       3.862593339577e-02       1.522708476787e+04 
       3.880967305549e-02       1.515556376404e+04 
       3.899496196701e-02       1.508405267347e+04 
       3.918185677219e-02       1.501264606132e+04 
       3.937041691553e-02       1.494122270688e+04 
       3.956070482749e-02       1.486984187976e+04 
       3.975278612296e-02       1.479849116229e+04 
       3.994672981632e-02       1.472717047051e+04 
       4.014260855473e-02       1.465587991373e+04 
       4.034049887166e-02       1.458461787810e+04 
       4.054048146260e-02       1.451329864321e+04 
       4.074264148545e-02       1.444198569086e+04 
       4.094706888819e-02       1.437074272888e+04 
       4.115385876677e-02       1.429947304007e+04 
       4.136311175672e-02       1.422816688976e+04 
       4.157493446222e-02       1.415682237891e+04 
       4.178943992698e-02       1.408550676625e+04 
       4.200674815187e-02       1.401410350642e+04 
       4.222698666486e-02       1.394270095731e+04 
       4.245029114983e-02       1.387120985622e+04 
       4.267680614122e-02       1.379965613116e+04 
       4.290668579337e-02       1.372803633321e+04 
       4.314009473378e-02       1.365634708893e+04 
       4.337720901158e-02       1.358452281559e+04 
       4.361821715409e-02       1.351266593093e+04 
       4.386332134615e-02       1.344062247414e+04 
       4.411273874961e-02       1.336847357092e+04 
       4.436670298304e-02       1.329616401942e+04 
       4.462546578517e-02       1.322369392622e+04 
       4.488929888946e-02       1.315103612091e+04 
       4.515849614237e-02       1.307815129452e+04 
       4.543337590333e-02       1.300505047057e+04 
       4.571428377167e-02       1.293170424270e+04 
       4.600159569420e-02       1.285807603510e+04 
       4.629572151746e-02       1.278417177026e+04 
       4.659710906112e-02       1.270997199496e+04 
       4.690624880477e-02       1.263538471752e+04 
       4.722367929881e-02       1.256038879832e+04 
       4.754999343417e-02       1.248502932311e+04 
       4.788584573408e-02       1.240909480486e+04 
       4.823196086776e-02       1.233275814816e+04 
       4.858914363080e-02       1.225581582629e+04 
       4.895829069414e-02       1.217826937699e+04 
       4.934040449490e-02       1.210006798770e+04 
       4.973660973320e-02       1.202111249687e+04 
       5.014817305378e-02       1.194132373183e+04 
       5.057652663786e-02       1.186063021066e+04 
       5.102329661699e-02       1.177896562525e+04 
       5.149033745829e-02       1.169618669033e+04 
       5.197977377299e-02       1.161213935402e+04 
       5.249405138330e-02       1.152671652780e+04 
       5.303599996276e-02       1.143969052638e+04 
       5.360891015744e-02       1.135086236644e+04 
       5.421662880258e-02       1.126000299827e+04 
       5.486367664725e-02       1.116675388561e+04 
       5.555539379835e-02       1.107071810727e+04 
       5.629811866726e-02       1.097144644662e+04 
       5.709940604132e-02       1.086825240158e+04 
       5.796828795772e-02       1.076037705619e+04 
       5.891557526987e-02       1.064674322880e+04 
       5.995418433544e-02       1.052596511481e+04 
       6.109944551485e-02       1.039615856936e+04 
       6.236929812133e-02       1.025488629960e+04 
       6.378418878331e-02       1.009878558256e+04 
       6.536636562026e-02       9.923552924878e+03 
       6.713814057353e-02       9.723692317889e+03 
       6.911871977422e-02       9.492812169383e+03 
       7.131965191023e-02       9.224374869182e+03 
       7.374002532023e-02       8.913287564009e+03 
       7.636379223756e-02       8.558183397278e+03 
       7.916152845839e-02       8.163330595888e+03 
       8.209653637946e-02       7.739239938451e+03 
       8.513226794672e-02       7.301221906440e+03 
       8.823765766540e-02       6.866641680215e+03 
       9.138913592937e-02       6.452079550918e+03 
       9.457018017578e-02       6.071055145298e+03 
       9.776980618071e-02       5.732808056024e+03 
       1.009809587675e-01       5.442061849747e+03 
       1.041992041704e-01       5.199170284866e+03 
       1.074217935955e-01       5.000955743013e+03 
       1.106470370061e-01       4.841515280852e+03 
       1.138739005235e-01       4.713047135804e+03 
       1.171017535294e-01       4.606708754424e+03 
       1.203302119910e-01       4.513441148156e+03 
       1.235590422020e-01       4.424680865405e+03 
       1.267881019376e-01       4.333151822118e+03 
       1.300173045901e-01       4.233412362110e+03 
       1.332465973492e-01       4.122248269519e+03 
       1.364759479413e-01       3.998823671788e+03 
       1.397053365753e-01       3.864475077973e+03 
       1.429347510518e-01       3.722274785790e+03 
       1.461641837933e-01       3.576427156572e+03 
       1.493936300406e-01       3.431596358191e+03 
       1.526230867579e-01       3.292290731331e+03 
       1.558525519661e-01       3.162353062563e+03 
       1.590820243383e-01       3.044657491893e+03 
       1.623115029528e-01       2.940910322927e+03 
       1.655409871426e-01       2.851652055986e+03 
       1.687704764031e-01       2.776345667998e+03 
       1.719999703356e-01       2.713557847320e+03 
       1.752294686122e-01       2.661165978697e+03 
       1.784589709541e-01       2.616612478655e+03 
       1.816884771177e-01       2.577149395043e+03 
       1.849179868860e-01       2.540388577677e+03 
       1.881475000625e-01       2.503860610899e+03 
       1.913770164678e-01       2.465232864463e+03 
       1.946065359362e-01       2.423102218464e+03 
       1.978360583146e-01       2.376784959566e+03 
       2.010655834603e-01       2.326330199314e+03 
       2.042951112403e-01       2.272461934330e+03 
       2.075246415302e-01       2.216337709496e+03 
       2.107541742135e-01       2.159395770535e+03 
       2.139837091808e-01       2.103115546547e+03 
       2.172132463294e-01       2.048842159410e+03 
       2.204427855626e-01       1.997667569237e+03 
       2.236723267895e-01       1.950401107208e+03 
       2.269018699244e-01       1.907522675411e+03 
       2.301314148862e-01       1.869196956415e+03 
       2.333609615987e-01       1.835301869278e+03 
       2.365905099897e-01       1.805435840930e+03 
       2.398200599909e-01       1.778986007431e+03 
       2.430496115376e-01       1.755173631069e+03 
       2.462791645687e-01       1.733144132798e+03 
       2.495087190262e-01       1.712050316936e+03 
       2.527382748551e-01       1.691136841388e+03 
       2.559678320030e-01       1.669801175109e+03 
       2.591973904205e-01       1.647629036781e+03 
       2.624269500603e-01       1.624407110919e+03 
       2.656565108776e-01       1.600112342392e+03 
       2.688860728297e-01       1.574888319363e+03 
       2.721156358760e-01       1.549014211848e+03 
       2.753451999778e-01       1.522875613481e+03 
       2.785747650980e-01       1.496910449270e+03 
       2.818043312016e-01       1.471550173210e+03 
       2.850338982549e-01       1.447200985869e+03 
       2.882634662258e-01       1.424165684347e+03 
       2.914930350836e-01       1.402637073581e+03 
       2.947226047990e-01       1.382686219112e+03 
       2.979521753440e-01       1.364271249688e+03 
       3.011817466918e-01       1.347262953504e+03 
       3.044113188166e-01       1.331464333048e+03 
       3.076408916939e-01       1.316648095073e+03 
       3.108704653001e-01       1.302561807584e+03 
       3.141000396126e-01       1.288958316754e+03 
       3.173296146097e-01       1.275606874311e+03 
       3.205591902706e-01       1.262309515202e+03 
       3.237887665754e-01       1.248914845128e+03 
       3.270183435049e-01       1.235333302140e+03 
       3.302479210407e-01       1.221536546470e+03 
       3.334774991650e-01       1.207560892797e+03 
       3.367070778610e-01       1.193485816569e+03 
       3.399366571121e-01       1.179423781848e+03 
       3.431662369026e-01       1.165494025991e+03 
       3.463958172174e-01       1.151815772543e+03 
       3.496253980420e-01       1.138494706406e+03 
       3.528549793621e-01       1.125619166611e+03 
       3.560845611644e-01       1.113250951080e+03 
       3.593141434357e-01       1.101430253092e+03 
       3.625437261634e-01       1.090166803637e+03 
       3.657733093354e-01       1.079438581159e+03 
       3.690028929400e-01       1.069197979076e+03 
       3.722324769659e-01       1.059372380147e+03 
       3.754620614021e-01       1.049882080435e+03 
       3.786916462381e-01       1.040642509819e+03 
       3.819212314638e-01       1.031578730978e+03 
       3.851508170692e-01       1.022632850111e+03 
       3.883804030449e-01       1.013762179127e+03 
       3.916099893817e-01       1.004939335886e+03 
       3.948395760707e-01       9.961514275932e+02 
       3.980691631032e-01       9.873943051940e+02 
       4.012987504709e-01       9.786816984663e+02 
       4.045283381659e-01       9.700309871332e+02 
       4.077579261802e-01       9.614721213129e+02 
       4.109875145063e-01       9.530377780303e+02 
       4.142171031370e-01       9.447611616610e+02 
       4.174466920650e-01       9.366692867166e+02 
       4.206762812835e-01       9.287789920215e+02 
       4.239058707859e-01       9.211010052831e+02 
       4.271354605658e-01       9.136328774380e+02 
       4.303650506167e-01       9.063719229999e+02 
       4.335946409327e-01       8.993077144900e+02 
       4.368242315078e-01       8.924276608979e+02 
       4.400538223363e-01       8.857181159228e+02 
       4.432834134127e-01       8.791598059820e+02 
       4.465130047316e-01       8.727358477418e+02 
       4.497425962877e-01       8.664210460526e+02 
       4.529721880759e-01       8.601977441209e+02 
       4.562017800913e-01       8.540491391358e+02 
       4.594313723291e-01       8.479629540620e+02 
       4.626609647846e-01       8.419366694906e+02 
       4.658905574532e-01       8.359691723854e+02 
       4.691201503306e-01       8.300646952834e+02 
       4.723497434124e-01       8.242263260182e+02 
       4.755793366945e-01       8.184603172168e+02 
       4.788089301728e-01       8.127701218432e+02 
       4.820385238433e-01       8.071632889054e+02 
       4.852681177022e-01       8.016486814661e+02 
       4.884977117458e-01       7.962335036240e+02 
       4.917273059703e-01       7.909216322705e+02 
       4.949569003723e-01       7.857167261304e+02 
       4.981864949483e-01       7.806170300471e+02 
       5.014160896948e-01       7.756155891602e+02 
       5.046456846087e-01       7.707066226823e+02 
       5.078752796867e-01       7.658796252387e+02 
       5.111048749257e-01       7.611299806145e+02 
       5.143344703227e-01       7.564493198326e+02 
       5.175640658746e-01       7.518333671856e+02 
       5.207936615786e-01       7.472770315424e+02 
       5.240232574319e-01       7.427746139949e+02 
       5.272528534318e-01       7.383234808463e+02 
       5.304824495754e-01       7.339197784226e+02 
       5.337120458603e-01       7.295628034140e+02 
       5.369416422839e-01       7.252538712748e+02 
       5.401712388436e-01       7.209958800601e+02 
       5.434008355370e-01       7.167906970264e+02 
       5.466304323618e-01       7.126422796301e+02 
       5.498600293157e-01       7.085500509764e+02 
       5.530896263963e-01       7.045148490164e+02 
       5.563192236014e-01       7.005345952691e+02 
       5.595488209290e-01       6.966096425973e+02 
       5.627784183768e-01       6.927382205463e+02 
       5.660080159429e-01       6.889208220849e+02 
       5.692376136251e-01       6.851564685788e+02 
       5.966146836946e-01       6.550730663978e+02 
       6.275639394871e-01       6.243076053571e+02 
       6.633609294841e-01       5.925140072269e+02 
       7.060833127161e-01       5.588059291321e+02 
       7.593720182239e-01       5.219901751062e+02 
       8.301796462525e-01       4.799851221689e+02 
       9.328867308126e-01       4.293576611395e+02 
       1.096429059892e+00       3.658284582975e+02 
       1.354332099332e+00       2.920614794464e+02 
       1.702965184940e+00       2.224734579747e+02 
       2.143872659376e+00       1.633037890017e+02 
       2.698975665277e+00       1.154342685897e+02 
       3.397809050786e+00       7.877729584159e+01 
       4.277588158459e+00       5.215574776608e+01 
       5.385164433873e+00       3.367870240355e+01 
       6.779520352493e+00       2.131795121971e+01 
       8.534910451530e+00       1.328553802735e+01 
