# Matter power spectrum P(k) at redshift z=0
# for k=1.04974e-05 to 8.53491 h/Mpc,
# number of wavenumbers equal to 558
#    1:k (h/Mpc)              2:P (Mpc/h)^3        
       1.049743788834e-05       4.730184992255e+01 
       2.344149348009e-05       1.027851686113e+02 
       3.643150557641e-05       1.573668329688e+02 
       4.950276898304e-05       2.116087514640e+02 
       6.269116787866e-05       2.658354954845e+02 
       7.603349891460e-05       3.202932831307e+02 
       8.956780474155e-05       3.751946408321e+02 
       1.033337224394e-04       4.307367518507e+02 
       1.173728513602e-04       4.871109460280e+02 
       1.317291449285e-04       5.445084815774e+02 
       1.464493309473e-04       6.031246142811e+02 
       1.615833648907e-04       6.631618015499e+02 
       1.771849204754e-04       7.248324699623e+02 
       1.933119214006e-04       7.883615648311e+02 
       2.100271174486e-04       8.539890196140e+02 
       2.273987069840e-04       9.219722052345e+02 
       2.455010061159e-04       9.925883986509e+02 
       2.644151621518e-04       1.066137279747e+03 
       2.842299051866e-04       1.142943435497e+03 
       3.050423263886e-04       1.223358827395e+03 
       3.269586643615e-04       1.307765136250e+03 
       3.500950714572e-04       1.396575873794e+03 
       3.745783196978e-04       1.490238084833e+03 
       4.005463907912e-04       1.589233415177e+03 
       4.281488766525e-04       1.694078254801e+03 
       4.575470965037e-04       1.805322597216e+03 
       4.889138155558e-04       1.923547173755e+03 
       5.224324313040e-04       2.049358392635e+03 
       5.582954811241e-04       2.183380569103e+03 
       5.967023254859e-04       2.326244986430e+03 
       6.378558826105e-04       2.478575427410e+03 
       6.819583410322e-04       2.640970095096e+03 
       7.292058626023e-04       2.813980122368e+03 
       7.797824108384e-04       2.998085445751e+03 
       8.338529896116e-04       3.193669360492e+03 
       8.915567340250e-04       3.400993513014e+03 
       9.530004261315e-04       3.620175748196e+03 
       1.018253073984e-03       3.851173165408e+03 
       1.087342160055e-03       4.093772588610e+03 
       1.160252020405e-03       4.347590088300e+03 
       1.236924575034e-03       4.612079907139e+03 
       1.317262338136e-03       4.886552430116e+03 
       1.401133357662e-03       5.170172010201e+03 
       1.488377526331e-03       5.462051962163e+03 
       1.578813608190e-03       5.761247097792e+03 
       1.672246341137e-03       6.066771606148e+03 
       1.768473082609e-03       6.377638103357e+03 
       1.867289623546e-03       6.692880444695e+03 
       1.968494964067e-03       7.011571647135e+03 
       2.071894992350e-03       7.332837099027e+03 
       2.177305119232e-03       7.655863471577e+03 
       2.284551991183e-03       7.979903556010e+03 
       2.393474438311e-03       8.304278116967e+03 
       2.503923820822e-03       8.628374330620e+03 
       2.615763926479e-03       8.951644592220e+03 
       2.728870551105e-03       9.273602295557e+03 
       2.843130870257e-03       9.593816373301e+03 
       2.958442686538e-03       9.911909266418e+03 
       3.074713615871e-03       1.022754958311e+04 
       3.191860258335e-03       1.054044899860e+04 
       3.309807384944e-03       1.085035756257e+04 
       3.428487160834e-03       1.115705978456e+04 
       3.547838417153e-03       1.146036833422e+04 
       3.667805978095e-03       1.176012622671e+04 
       3.788340045371e-03       1.205619792655e+04 
       3.909395639654e-03       1.234847204367e+04 
       4.030932096742e-03       1.263685281276e+04 
       4.152912615127e-03       1.292126359693e+04 
       4.275303851069e-03       1.320163965122e+04 
       4.398075557068e-03       1.347793387023e+04 
       4.521200259642e-03       1.375010401404e+04 
       4.644652972448e-03       1.401812445755e+04 
       4.768410941029e-03       1.428196996023e+04 
       4.892453415780e-03       1.454162261132e+04 
       5.016761449979e-03       1.479709622423e+04 
       5.141317720081e-03       1.504838380444e+04 
       5.266106365726e-03       1.529548254969e+04 
       5.391112847210e-03       1.553841610889e+04 
       5.516323818407e-03       1.577718051971e+04 
       5.641727013360e-03       1.601180448504e+04 
       5.767311144976e-03       1.624229948956e+04 
       5.893065814425e-03       1.646868414721e+04 
       6.018981430030e-03       1.669100453044e+04 
       6.145049134564e-03       1.690926644856e+04 
       6.271260740005e-03       1.712350722618e+04 
       6.397608668908e-03       1.733375637824e+04 
       6.524085901671e-03       1.754004159923e+04 
       6.650685929023e-03       1.774240055121e+04 
       6.777402709184e-03       1.794086604339e+04 
       6.904230629174e-03       1.813546938825e+04 
       7.031164469837e-03       1.832625208393e+04 
       7.158199374175e-03       1.851324731892e+04 
       7.285330818649e-03       1.869648875973e+04 
       7.412554587144e-03       1.887601333631e+04 
       7.539866747306e-03       1.905185875247e+04 
       7.667263629027e-03       1.922406880139e+04 
       7.794741804850e-03       1.939266834372e+04 
       7.922298072107e-03       1.955770742466e+04 
       8.049929436618e-03       1.971922008559e+04 
       8.177633097798e-03       1.987723667135e+04 
       8.305406435034e-03       2.003180330972e+04 
       8.433246995221e-03       2.018295967341e+04 
       8.561152481326e-03       2.033073449816e+04 
       8.689120741909e-03       2.047517698684e+04 
       8.817149761500e-03       2.061631291722e+04 
       8.945237651744e-03       2.075418249598e+04 
       9.073382643271e-03       2.088882555448e+04 
       9.201583078197e-03       2.102027680646e+04 
       9.329837403224e-03       2.114856817508e+04 
       9.458144163269e-03       2.127374104844e+04 
       9.586501995589e-03       2.139583270543e+04 
       9.714909624354e-03       2.151486767315e+04 
       9.843365855626e-03       2.163088366160e+04 
       9.971869572721e-03       2.174392530305e+04 
       1.010041973191e-02       2.185401361774e+04 
       1.022901535845e-02       2.196119307838e+04 
       1.035765554288e-02       2.206548826956e+04 
       1.048633943763e-02       2.216693251058e+04 
       1.061506625381e-02       2.226557377071e+04 
       1.074383525830e-02       2.236142925668e+04 
       1.087264577102e-02       2.245453526926e+04 
       1.100149716235e-02       2.254492902782e+04 
       1.113038885083e-02       2.263262552690e+04 
       1.125932030092e-02       2.271768611365e+04 
       1.138829102097e-02       2.280012100713e+04 
       1.151730056135e-02       2.287996727330e+04 
       1.164634851264e-02       2.295725024568e+04 
       1.177543450406e-02       2.303200980140e+04 
       1.190455820187e-02       2.310426927761e+04 
       1.203371930800e-02       2.317406900520e+04 
       1.216291755871e-02       2.324142028439e+04 
       1.229215272337e-02       2.330637117382e+04 
       1.242142460332e-02       2.336895140121e+04 
       1.255073303082e-02       2.342917896578e+04 
       1.268007786803e-02       2.348708993079e+04 
       1.280945900617e-02       2.354271659259e+04 
       1.293887636459e-02       2.359608387112e+04 
       1.306832989004e-02       2.364721502128e+04 
       1.319781955594e-02       2.369614518024e+04 
       1.332734536170e-02       2.374289787128e+04 
       1.345690733210e-02       2.378749893450e+04 
       1.358650551672e-02       2.382998059994e+04 
       1.371613998945e-02       2.387036628947e+04 
       1.384581084796e-02       2.390867261783e+04 
       1.397551821330e-02       2.394493944738e+04 
       1.410526222951e-02       2.397918550863e+04 
       1.423504306321e-02       2.401144575340e+04 
       1.436486090332e-02       2.404173806885e+04 
       1.449471596076e-02       2.407007144114e+04 
       1.462460846818e-02       2.409650728374e+04 
       1.475453867974e-02       2.412103730989e+04 
       1.488450687089e-02       2.414370710074e+04 
       1.501451333823e-02       2.416452013006e+04 
       1.514455839935e-02       2.418351936577e+04 
       1.527464239270e-02       2.420072616803e+04 
       1.540476567752e-02       2.421615813276e+04 
       1.553492863373e-02       2.422982968543e+04 
       1.566513166193e-02       2.424177630323e+04 
       1.579537518335e-02       2.425202064389e+04 
       1.592565963983e-02       2.426058276624e+04 
       1.605598549388e-02       2.426748599477e+04 
       1.618635322867e-02       2.427274356357e+04 
       1.631676334813e-02       2.427639526536e+04 
       1.644721637700e-02       2.427845379541e+04 
       1.657771286092e-02       2.427893529243e+04 
       1.670825336657e-02       2.427785670392e+04 
       1.683883848179e-02       2.427527332763e+04 
       1.696946881572e-02       2.427115931454e+04 
       1.710014499898e-02       2.426557245156e+04 
       1.723086768385e-02       2.425851598961e+04 
       1.736163754447e-02       2.425001194355e+04 
       1.749245527708e-02       2.424008164327e+04 
       1.762332160022e-02       2.422874864418e+04 
       1.775423725501e-02       2.421603767434e+04 
       1.788520300541e-02       2.420196190157e+04 
       1.801621963851e-02       2.418654318999e+04 
       1.814728796482e-02       2.416979419896e+04 
       1.827840881860e-02       2.415174040828e+04 
       1.840958305822e-02       2.413243041235e+04 
       1.854081156645e-02       2.411180556766e+04 
       1.867209525091e-02       2.408996543405e+04 
       1.880343504438e-02       2.406690940668e+04 
       1.893483190525e-02       2.404262678502e+04 
       1.906628681793e-02       2.401712177319e+04 
       1.919780079330e-02       2.399050659172e+04 
       1.932937486913e-02       2.396270334291e+04 
       1.946101011060e-02       2.393380027573e+04 
       1.959270761075e-02       2.390374790643e+04 
       1.972446849103e-02       2.387263000305e+04 
       1.985629390180e-02       2.384041200569e+04 
       1.998818502288e-02       2.380712584404e+04 
       2.012014306414e-02       2.377282517046e+04 
       2.025216926606e-02       2.373749280118e+04 
       2.038426490036e-02       2.370113535221e+04 
       2.051643127062e-02       2.366378950715e+04 
       2.064866971290e-02       2.362550194249e+04 
       2.078098159649e-02       2.358622405507e+04 
       2.091336832450e-02       2.354607569762e+04 
       2.104583133466e-02       2.350493462424e+04 
       2.117837210001e-02       2.346291147471e+04 
       2.131099212968e-02       2.341998867547e+04 
       2.144369296968e-02       2.337619739005e+04 
       2.157647620370e-02       2.333155826169e+04 
       2.170934345396e-02       2.328608623388e+04 
       2.184229638205e-02       2.323977436025e+04 
       2.197533668987e-02       2.319268461288e+04 
       2.210846612048e-02       2.314480099027e+04 
       2.224168645912e-02       2.309616079855e+04 
       2.237499953411e-02       2.304668631305e+04 
       2.250840721795e-02       2.299649817127e+04 
       2.264191142827e-02       2.294558117184e+04 
       2.277551412895e-02       2.289397056229e+04 
       2.290921733124e-02       2.284166998658e+04 
       2.304302309484e-02       2.278863248919e+04 
       2.317693352913e-02       2.273489373318e+04 
       2.331095079438e-02       2.268057696753e+04 
       2.344507710296e-02       2.262556665734e+04 
       2.357931472066e-02       2.256997983833e+04 
       2.371366596802e-02       2.251373373468e+04 
       2.384813322171e-02       2.245687321210e+04 
       2.398271891592e-02       2.239940280708e+04 
       2.411742554383e-02       2.234141071809e+04 
       2.425225565915e-02       2.228284837226e+04 
       2.438721187763e-02       2.222373522549e+04 
       2.452229687871e-02       2.216404130867e+04 
       2.465751340712e-02       2.210384667334e+04 
       2.479286427468e-02       2.204319777241e+04 
       2.492835236198e-02       2.198197330364e+04 
       2.506398062026e-02       2.192028943129e+04 
       2.519975207328e-02       2.185813880797e+04 
       2.533566981927e-02       2.179552754098e+04 
       2.547173703296e-02       2.173242574800e+04 
       2.560795696763e-02       2.166895863050e+04 
       2.574433295728e-02       2.160499776677e+04 
       2.588086841885e-02       2.154068589487e+04 
       2.601756685455e-02       2.147590627202e+04 
       2.615443185417e-02       2.141079113287e+04 
       2.629146709761e-02       2.134524962176e+04 
       2.642867635739e-02       2.127932949075e+04 
       2.656606350129e-02       2.121307795807e+04 
       2.670363249507e-02       2.114652020124e+04 
       2.684138740531e-02       2.107953500963e+04 
       2.697933240233e-02       2.101225540264e+04 
       2.711747176318e-02       2.094468129536e+04 
       2.725580987485e-02       2.087679676166e+04 
       2.739435123743e-02       2.080862218996e+04 
       2.753310046757e-02       2.074015653917e+04 
       2.767206230189e-02       2.067140896763e+04 
       2.781124160065e-02       2.060239342168e+04 
       2.795064335150e-02       2.053312895490e+04 
       2.809027267337e-02       2.046366398337e+04 
       2.823013482050e-02       2.039385138296e+04 
       2.837023518666e-02       2.032390178388e+04 
       2.851057930950e-02       2.025369969589e+04 
       2.865117287508e-02       2.018327593965e+04 
       2.879202172256e-02       2.011263492087e+04 
       2.893313184912e-02       2.004185193394e+04 
       2.907450941498e-02       1.997086784195e+04 
       2.921616074877e-02       1.989969446997e+04 
       2.935809235295e-02       1.982835608964e+04 
       2.950031090956e-02       1.975680784175e+04 
       2.964282328617e-02       1.968519169870e+04 
       2.978563654208e-02       1.961338100870e+04 
       2.992875793475e-02       1.954145288317e+04 
       3.007219492657e-02       1.946936759067e+04 
       3.021595519180e-02       1.939716095141e+04 
       3.036004662395e-02       1.932487225620e+04 
       3.050447734333e-02       1.925243207783e+04 
       3.064925570504e-02       1.917987707000e+04 
       3.079439030726e-02       1.910728189857e+04 
       3.093988999989e-02       1.903451719815e+04 
       3.108576389362e-02       1.896173075840e+04 
       3.123202136935e-02       1.888886385751e+04 
       3.137867208810e-02       1.881591736368e+04 
       3.152572600133e-02       1.874287627563e+04 
       3.167319336170e-02       1.866981310697e+04 
       3.182108473446e-02       1.859664415655e+04 
       3.196941100920e-02       1.852340994619e+04 
       3.211818341231e-02       1.845021544671e+04 
       3.226741351994e-02       1.837692642897e+04 
       3.241711327162e-02       1.830364148063e+04 
       3.256729498455e-02       1.823029233812e+04 
       3.271797136857e-02       1.815690527216e+04 
       3.286915554190e-02       1.808354547749e+04 
       3.302086104765e-02       1.801012994489e+04 
       3.317310187118e-02       1.793668900687e+04 
       3.332589245834e-02       1.786330042111e+04 
       3.347924773468e-02       1.778992829073e+04 
       3.363318312558e-02       1.771644555505e+04 
       3.378771457760e-02       1.764306015621e+04 
       3.394285858079e-02       1.756966322827e+04 
       3.409863219234e-02       1.749622548473e+04 
       3.425505306144e-02       1.742281903336e+04 
       3.441213945556e-02       1.734945650842e+04 
       3.456991028818e-02       1.727613474587e+04 
       3.472838514804e-02       1.720278909761e+04 
       3.488758433012e-02       1.712944446564e+04 
       3.504752886839e-02       1.705618265101e+04 
       3.520824057041e-02       1.698292782607e+04 
       3.536974205406e-02       1.690968831611e+04 
       3.553205678642e-02       1.683647829720e+04 
       3.569520912495e-02       1.676332387628e+04 
       3.585922436124e-02       1.669025798325e+04 
       3.602412876751e-02       1.661720658236e+04 
       3.618994964586e-02       1.654413812765e+04 
       3.635671538081e-02       1.647111321181e+04 
       3.652445549510e-02       1.639817215980e+04 
       3.669320070918e-02       1.632520846317e+04 
       3.686298300452e-02       1.625231020630e+04 
       3.703383569127e-02       1.617951180122e+04 
       3.720579348033e-02       1.610668466733e+04 
       3.737889256048e-02       1.603391989861e+04 
       3.755317068075e-02       1.596117412780e+04 
       3.772866723865e-02       1.588849293336e+04 
       3.790542337462e-02       1.581587100260e+04 
       3.808348207333e-02       1.574327081474e+04 
       3.826288827237e-02       1.567068453027e+04 
       3.844368897902e-02       1.559811007898e+04 
       3.862593339577e-02       1.552565620902e+04 
       3.880967305549e-02       1.545317250564e+04 
       3.899496196701e-02       1.538068593139e+04 
       3.918185677219e-02       1.530829351064e+04 
       3.937041691553e-02       1.523587089234e+04 
       3.956070482749e-02       1.516347889003e+04 
       3.975278612296e-02       1.509110476845e+04 
       3.994672981632e-02       1.501874844497e+04 
       4.014260855473e-02       1.494641003363e+04 
       4.034049887166e-02       1.487408787764e+04 
       4.054048146260e-02       1.480169395899e+04 
       4.074264148545e-02       1.472929343215e+04 
       4.094706888819e-02       1.465695171090e+04 
       4.115385876677e-02       1.458456945946e+04 
       4.136311175672e-02       1.451213664598e+04 
       4.157493446222e-02       1.443965128076e+04 
       4.178943992698e-02       1.436718242869e+04 
       4.200674815187e-02       1.429461030373e+04 
       4.222698666486e-02       1.422202564556e+04 
       4.245029114983e-02       1.414933666278e+04 
       4.267680614122e-02       1.407656992914e+04 
       4.290668579337e-02       1.400372182257e+04 
       4.314009473378e-02       1.393078879029e+04 
       4.337720901158e-02       1.385770329539e+04 
       4.361821715409e-02       1.378457054968e+04 
       4.386332134615e-02       1.371123208584e+04 
       4.411273874961e-02       1.363777119767e+04 
       4.436670298304e-02       1.356413094013e+04 
       4.462546578517e-02       1.349031124050e+04 
       4.488929888946e-02       1.341628393720e+04 
       4.515849614237e-02       1.334200834099e+04 
       4.543337590333e-02       1.326749553742e+04 
       4.571428377167e-02       1.319271496717e+04 
       4.600159569420e-02       1.311762864432e+04 
       4.629572151746e-02       1.304224230208e+04 
       4.659710906112e-02       1.296653550286e+04 
       4.690624880477e-02       1.289041302281e+04 
       4.722367929881e-02       1.281385254054e+04 
       4.754999343417e-02       1.273689991695e+04 
       4.788584573408e-02       1.265933651277e+04 
       4.823196086776e-02       1.258133975145e+04 
       4.858914363080e-02       1.250269894333e+04 
       4.895829069414e-02       1.242341462854e+04 
       4.934040449490e-02       1.234343322065e+04 
       4.973660973320e-02       1.226265106087e+04 
       5.014817305378e-02       1.218098485251e+04 
       5.057652663786e-02       1.209835894453e+04 
       5.102329661699e-02       1.201470268749e+04 
       5.149033745829e-02       1.192986555548e+04 
       5.197977377299e-02       1.184368535277e+04 
       5.249405138330e-02       1.175604771675e+04 
       5.303599996276e-02       1.166671291847e+04 
       5.360891015744e-02       1.157546981212e+04 
       5.421662880258e-02       1.148207487554e+04 
       5.486367664725e-02       1.138614906281e+04 
       5.555539379835e-02       1.128727140528e+04 
       5.629811866726e-02       1.118496397565e+04 
       5.709940604132e-02       1.107849962890e+04 
       5.796828795772e-02       1.096707121419e+04 
       5.891557526987e-02       1.084953552601e+04 
       5.995418433544e-02       1.072442091000e+04 
       6.109944551485e-02       1.058972784875e+04 
       6.236929812133e-02       1.044286845329e+04 
       6.378418878331e-02       1.028027665139e+04 
       6.536636562026e-02       1.009738841702e+04 
       6.713814057353e-02       9.888379514613e+03 
       6.911871977422e-02       9.646477662710e+03 
       7.131965191023e-02       9.364753813331e+03 
       7.374002532023e-02       9.037796477690e+03 
       7.636379223756e-02       8.664106442613e+03 
       7.916152845839e-02       8.248096312751e+03 
       8.209653637946e-02       7.800721631354e+03 
       8.513226794672e-02       7.337972210738e+03 
       8.823765766540e-02       6.878013070616e+03 
       9.138913592937e-02       6.438233085764e+03 
       9.457018017578e-02       6.032876811296e+03 
       9.776980618071e-02       5.671762496499e+03 
       1.009809587675e-01       5.360010534944e+03 
       1.041992041704e-01       5.098163356085e+03 
       1.074217935955e-01       4.883033040322e+03 
       1.106470370061e-01       4.708529037302e+03 
       1.138739005235e-01       4.566524538468e+03 
       1.171017535294e-01       4.447770974631e+03 
       1.203302119910e-01       4.342785002625e+03 
       1.235590422020e-01       4.242615693206e+03 
       1.267881019376e-01       4.139683873941e+03 
       1.300173045901e-01       4.028349747274e+03 
       1.332465973492e-01       3.905306627889e+03 
       1.364759479413e-01       3.769717527184e+03 
       1.397053365753e-01       3.622985647909e+03 
       1.429347510518e-01       3.468297309869e+03 
       1.461641837933e-01       3.310003455199e+03 
       1.493936300406e-01       3.152936391639e+03 
       1.526230867579e-01       3.001783742619e+03 
       1.558525519661e-01       2.860564285527e+03 
       1.590820243383e-01       2.732308827537e+03 
       1.623115029528e-01       2.618840837103e+03 
       1.655409871426e-01       2.520764027079e+03 
       1.687704764031e-01       2.437542016672e+03 
       1.719999703356e-01       2.367681147739e+03 
       1.752294686122e-01       2.308947187768e+03 
       1.784589709541e-01       2.258637587679e+03 
       1.816884771177e-01       2.213846250538e+03 
       1.849179868860e-01       2.172049163893e+03 
       1.881475000625e-01       2.130643111641e+03 
       1.913770164678e-01       2.087175706345e+03 
       1.946065359362e-01       2.040174606777e+03 
       1.978360583146e-01       1.988920226801e+03 
       2.010655834603e-01       1.933455671510e+03 
       2.042951112403e-01       1.874525607616e+03 
       2.075246415302e-01       1.813326371416e+03 
       2.107541742135e-01       1.751351291476e+03 
       2.139837091808e-01       1.690144390334e+03 
       2.172132463294e-01       1.631118769622e+03 
       2.204427855626e-01       1.575431240703e+03 
       2.236723267895e-01       1.523948705679e+03 
       2.269018699244e-01       1.477194338338e+03 
       2.301314148862e-01       1.435357979757e+03 
       2.333609615987e-01       1.398322403274e+03 
       2.365905099897e-01       1.365668211242e+03 
       2.398200599909e-01       1.336745465510e+03 
       2.430496115376e-01       1.310722433339e+03 
       2.462791645687e-01       1.286683022506e+03 
       2.495087190262e-01       1.263717133710e+03 
       2.527382748551e-01       1.241011961395e+03 
       2.559678320030e-01       1.217917493549e+03 
       2.591973904205e-01       1.193984254007e+03 
       2.624269500603e-01       1.168976703714e+03 
       2.656565108776e-01       1.142861921663e+03 
       2.688860728297e-01       1.115785026219e+03 
       2.721156358760e-01       1.088037153995e+03 
       2.753451999778e-01       1.060025849201e+03 
       2.785747650980e-01       1.032218401904e+03 
       2.818043312016e-01       1.005079328370e+03 
       2.850338982549e-01       9.790504015855e+02 
       2.882634662258e-01       9.544649686943e+02 
       2.914930350836e-01       9.315392262108e+02 
       2.947226047990e-01       9.103575739919e+02 
       2.979521753440e-01       8.908805372297e+02 
       3.011817466918e-01       8.729716038812e+02 
       3.044113188166e-01       8.564179727116e+02 
       3.076408916939e-01       8.409716052759e+02 
       3.108704653001e-01       8.263548814367e+02 
       3.141000396126e-01       8.122943593356e+02 
       3.173296146097e-01       7.985332770322e+02 
       3.205591902706e-01       7.848499021254e+02 
       3.237887665754e-01       7.710730694790e+02 
       3.270183435049e-01       7.570995016640e+02 
       3.302479210407e-01       7.428935896210e+02 
       3.334774991650e-01       7.284918597167e+02 
       3.367070778610e-01       7.139795859090e+02 
       3.399366571121e-01       6.994800050282e+02 
       3.431662369026e-01       6.851252611999e+02 
       3.463958172174e-01       6.710489655335e+02 
       3.496253980420e-01       6.573709087587e+02 
       3.528549793621e-01       6.441925639445e+02 
       3.560845611644e-01       6.315862824434e+02 
       3.593141434357e-01       6.196005203324e+02 
       3.625437261634e-01       6.082492440768e+02 
       3.657733093354e-01       5.975099252314e+02 
       3.690028929400e-01       5.873301836435e+02 
       3.722324769659e-01       5.776280762476e+02 
       3.754620614021e-01       5.683126221373e+02 
       3.786916462381e-01       5.592863064356e+02 
       3.819212314638e-01       5.504619771281e+02 
       3.851508170692e-01       5.417716598544e+02 
       3.883804030449e-01       5.331646156114e+02 
       3.916099893817e-01       5.246076558044e+02 
       3.948395760707e-01       5.160843885576e+02 
       3.980691631032e-01       5.075886201755e+02 
       4.012987504709e-01       4.991353714919e+02 
       4.045283381659e-01       4.907442150740e+02 
       4.077579261802e-01       4.824500484919e+02 
       4.109875145063e-01       4.742915295585e+02 
       4.142171031370e-01       4.663085057320e+02 
       4.174466920650e-01       4.585339201191e+02 
       4.206762812835e-01       4.509888625918e+02 
       4.239058707859e-01       4.436873203510e+02 
       4.271354605658e-01       4.366274193738e+02 
       4.303650506167e-01       4.298070212491e+02 
       4.335946409327e-01       4.232144819327e+02 
       4.368242315078e-01       4.168353766276e+02 
       4.400538223363e-01       4.106538249505e+02 
       4.432834134127e-01       4.046467858667e+02 
       4.465130047316e-01       3.987939320863e+02 
       4.497425962877e-01       3.930643087792e+02 
       4.529721880759e-01       3.874360417127e+02 
       4.562017800913e-01       3.818880680160e+02 
       4.594313723291e-01       3.764047826134e+02 
       4.626609647846e-01       3.709827606561e+02 
       4.658905574532e-01       3.656203416096e+02 
       4.691201503306e-01       3.603226916145e+02 
       4.723497434124e-01       3.550936085832e+02 
       4.755793366945e-01       3.499410442865e+02 
       4.788089301728e-01       3.448694797853e+02 
       4.820385238433e-01       3.398888028692e+02 
       4.852681177022e-01       3.350107920196e+02 
       4.884977117458e-01       3.302452689245e+02 
       4.917273059703e-01       3.255978715664e+02 
       4.949569003723e-01       3.210740659971e+02 
       4.981864949483e-01       3.166722714850e+02 
       5.014160896948e-01       3.123840049225e+02 
       5.046456846087e-01       3.082022378510e+02 
       5.078752796867e-01       3.041135330071e+02 
       5.111048749257e-01       3.001121723984e+02 
       5.143344703227e-01       2.961873077334e+02 
       5.175640658746e-01       2.923334792766e+02 
       5.207936615786e-01       2.885440502171e+02 
       5.240232574319e-01       2.848114648214e+02 
       5.272528534318e-01       2.811322620468e+02 
       5.304824495754e-01       2.775012611987e+02 
       5.337120458603e-01       2.739175648870e+02 
       5.369416422839e-01       2.703830779740e+02 
       5.401712388436e-01       2.669019592848e+02 
       5.434008355370e-01       2.634770118227e+02 
       5.466304323618e-01       2.601140418179e+02 
       5.498600293157e-01       2.568125692662e+02 
       5.530896263963e-01       2.535741279361e+02 
       5.563192236014e-01       2.503961387862e+02 
       5.595488209290e-01       2.472794707657e+02 
       5.627784183768e-01       2.442219704816e+02 
       5.660080159429e-01       2.412247275882e+02 
       5.692376136251e-01       2.382867303629e+02 
       5.966146836946e-01       2.153655320639e+02 
       6.275639394871e-01       1.928432629091e+02 
       6.633609294841e-01       1.707936852554e+02 
       7.060833127161e-01       1.487917611719e+02 
       7.593720182239e-01       1.265594060787e+02 
       8.301796462525e-01       1.036037010845e+02 
       9.328867308126e-01       7.950799307140e+01 
       1.096429059892e+00       5.483417496847e+01 
       1.354332099332e+00       3.345597356835e+01 
       1.702965184940e+00       1.939452850961e+01 
       2.143872659376e+00       1.111098131690e+01 
       2.698975665277e+00       6.313407380692e+00 
       3.397809050786e+00       3.560960973306e+00 
       4.277588158459e+00       1.995034269445e+00 
       5.385164433873e+00       1.110899969758e+00 
       6.779520352493e+00       6.151367924278e-01 
       8.534910451530e+00       3.388736301074e-01 
