# Matter power spectrum P(k) at redshift z=0
# for k=1.04974e-05 to 8.53491 h/Mpc,
# number of wavenumbers equal to 558
#    1:k (h/Mpc)              2:P (Mpc/h)^3        
       1.049743788834e-05       4.730151174231e+01 
       2.344149348009e-05       1.027844408567e+02 
       3.643150557641e-05       1.573657379960e+02 
       4.950276898304e-05       2.116073164296e+02 
       6.269116787866e-05       2.658337545211e+02 
       7.603349891460e-05       3.202912786625e+02 
       8.956780474155e-05       3.751924248611e+02 
       1.033337224394e-04       4.307343874358e+02 
       1.173728513602e-04       4.871085090642e+02 
       1.317291449285e-04       5.445060629658e+02 
       1.464493309473e-04       6.031223225830e+02 
       1.615833648907e-04       6.631597662330e+02 
       1.771849204754e-04       7.248308453717e+02 
       1.933119214006e-04       7.883605350509e+02 
       2.100271174486e-04       8.539888044206e+02 
       2.273987069840e-04       9.219730673973e+02 
       2.455010061159e-04       9.925906528950e+02 
       2.644151621518e-04       1.066141303771e+03 
       2.842299051866e-04       1.142949683533e+03 
       3.050423263886e-04       1.223367846914e+03 
       3.269586643615e-04       1.307777588553e+03 
       3.500950714572e-04       1.396592559398e+03 
       3.745783196978e-04       1.490259974752e+03 
       4.005463907912e-04       1.589261689413e+03 
       4.281488766525e-04       1.694114349602e+03 
       4.575470965037e-04       1.805368262891e+03 
       4.889138155558e-04       1.923604545060e+03 
       5.224324313040e-04       2.049430073874e+03 
       5.582954811241e-04       2.183469736132e+03 
       5.967023254859e-04       2.326355507543e+03 
       6.378558826105e-04       2.478712004568e+03 
       6.819583410322e-04       2.641138426023e+03 
       7.292058626023e-04       2.814187082515e+03 
       7.797824108384e-04       2.998339287056e+03 
       8.338529896116e-04       3.193979921220e+03 
       8.915567340250e-04       3.401372429859e+03 
       9.530004261315e-04       3.620636658843e+03 
       1.018253073984e-03       3.851731887182e+03 
       1.087342160055e-03       4.094447257299e+03 
       1.160252020405e-03       4.348401241663e+03 
       1.236924575034e-03       4.613050499559e+03 
       1.317262338136e-03       4.887707769395e+03 
       1.401133357662e-03       5.171539596248e+03 
       1.488377526331e-03       5.463661287122e+03 
       1.578813608190e-03       5.763129355297e+03 
       1.672246341137e-03       6.068959339205e+03 
       1.768473082609e-03       6.380164824857e+03 
       1.867289623546e-03       6.695780244172e+03 
       1.968494964067e-03       7.014878804135e+03 
       2.071894992350e-03       7.336585721766e+03 
       2.177305119232e-03       7.660087176329e+03 
       2.284551991183e-03       7.984635198071e+03 
       2.393474438311e-03       8.309549579851e+03 
       2.503923820822e-03       8.634216374973e+03 
       2.615763926479e-03       8.958086763439e+03 
       2.728870551105e-03       9.280672883879e+03 
       2.843130870257e-03       9.601542417456e+03 
       2.958442686538e-03       9.920316594573e+03 
       3.074713615871e-03       1.023666287661e+04 
       3.191860258335e-03       1.055029187174e+04 
       3.309807384944e-03       1.086095198277e+04 
       3.428487160834e-03       1.116842687692e+04 
       3.547838417153e-03       1.147252864606e+04 
       3.667805978095e-03       1.177309885254e+04 
       3.788340045371e-03       1.207000055577e+04 
       3.909395639654e-03       1.236312102478e+04 
       4.030932096742e-03       1.265236321537e+04 
       4.152912615127e-03       1.293764928054e+04 
       4.275303851069e-03       1.321891332568e+04 
       4.398075557068e-03       1.349610716578e+04 
       4.521200259642e-03       1.376918753430e+04 
       4.644652972448e-03       1.403812785069e+04 
       4.768410941029e-03       1.430290196605e+04 
       4.892453415780e-03       1.456349114325e+04 
       5.016761449979e-03       1.481990844918e+04 
       5.141317720081e-03       1.507214618349e+04 
       5.266106365726e-03       1.532020091079e+04 
       5.391112847210e-03       1.556409574772e+04 
       5.516323818407e-03       1.580382622346e+04 
       5.641727013360e-03       1.603942064405e+04 
       5.767311144976e-03       1.627089012542e+04 
       5.893065814425e-03       1.649825297567e+04 
       6.018981430030e-03       1.672155505358e+04 
       6.145049134564e-03       1.694080191871e+04 
       6.271260740005e-03       1.715603072778e+04 
       6.397608668908e-03       1.736727082974e+04 
       6.524085901671e-03       1.757454975621e+04 
       6.650685929023e-03       1.777790502419e+04 
       6.777402709184e-03       1.797736927992e+04 
       6.904230629174e-03       1.817297365550e+04 
       7.031164469837e-03       1.836475947200e+04 
       7.158199374175e-03       1.855275970486e+04 
       7.285330818649e-03       1.873700778879e+04 
       7.412554587144e-03       1.891754041182e+04 
       7.539866747306e-03       1.909439502411e+04 
       7.667263629027e-03       1.926761517047e+04 
       7.794741804850e-03       1.943722541605e+04 
       7.922298072107e-03       1.960327557016e+04 
       8.049929436618e-03       1.976579940956e+04 
       8.177633097798e-03       1.992482701780e+04 
       8.305406435034e-03       2.008040431509e+04 
       8.433246995221e-03       2.023257077115e+04 
       8.561152481326e-03       2.038135491261e+04 
       8.689120741909e-03       2.052680580466e+04 
       8.817149761500e-03       2.066894904836e+04 
       8.945237651744e-03       2.080782472602e+04 
       9.073382643271e-03       2.094347255608e+04 
       9.201583078197e-03       2.107592713348e+04 
       9.329837403224e-03       2.120522025562e+04 
       9.458144163269e-03       2.133139320481e+04 
       9.586501995589e-03       2.145448313152e+04 
       9.714909624354e-03       2.157451438104e+04 
       9.843365855626e-03       2.169152449314e+04 
       9.971869572721e-03       2.180555792109e+04 
       1.010041973191e-02       2.191663540700e+04 
       1.022901535845e-02       2.202480117628e+04 
       1.035765554288e-02       2.213007947343e+04 
       1.048633943763e-02       2.223250326572e+04 
       1.061506625381e-02       2.233212018010e+04 
       1.074383525830e-02       2.242894695871e+04 
       1.087264577102e-02       2.252301946714e+04 
       1.100149716235e-02       2.261437447167e+04 
       1.113038885083e-02       2.270302643013e+04 
       1.125932030092e-02       2.278903628795e+04 
       1.138829102097e-02       2.287241370328e+04 
       1.151730056135e-02       2.295319527104e+04 
       1.164634851264e-02       2.303140583000e+04 
       1.177543450406e-02       2.310708483053e+04 
       1.190455820187e-02       2.318025515557e+04 
       1.203371930800e-02       2.325095676984e+04 
       1.216291755871e-02       2.331920054945e+04 
       1.229215272337e-02       2.338503428816e+04 
       1.242142460332e-02       2.344848743968e+04 
       1.255073303082e-02       2.350957772278e+04 
       1.268007786803e-02       2.356834104009e+04 
       1.280945900617e-02       2.362480955082e+04 
       1.293887636459e-02       2.367900804801e+04 
       1.306832989004e-02       2.373095971925e+04 
       1.319781955594e-02       2.378069969625e+04 
       1.332734536170e-02       2.382825149479e+04 
       1.345690733210e-02       2.387364098989e+04 
       1.358650551672e-02       2.391690048943e+04 
       1.371613998945e-02       2.395805348790e+04 
       1.384581084796e-02       2.399711666635e+04 
       1.397551821330e-02       2.403413005380e+04 
       1.410526222951e-02       2.406911248483e+04 
       1.423504306321e-02       2.410209906946e+04 
       1.436486090332e-02       2.413310780340e+04 
       1.449471596076e-02       2.416214776433e+04 
       1.462460846818e-02       2.418928063195e+04 
       1.475453867974e-02       2.421449812593e+04 
       1.488450687089e-02       2.423784604342e+04 
       1.501451333823e-02       2.425932790656e+04 
       1.514455839935e-02       2.427898688328e+04 
       1.527464239270e-02       2.429684443950e+04 
       1.540476567752e-02       2.431291827320e+04 
       1.553492863373e-02       2.432722287640e+04 
       1.566513166193e-02       2.433979389149e+04 
       1.579537518335e-02       2.435065407104e+04 
       1.592565963983e-02       2.435982358153e+04 
       1.605598549388e-02       2.436732583958e+04 
       1.618635322867e-02       2.437317414945e+04 
       1.631676334813e-02       2.437740846304e+04 
       1.644721637700e-02       2.438004154109e+04 
       1.657771286092e-02       2.438108958863e+04 
       1.670825336657e-02       2.438056959405e+04 
       1.683883848179e-02       2.437853712078e+04 
       1.696946881572e-02       2.437496616558e+04 
       1.710014499898e-02       2.436991473009e+04 
       1.723086768385e-02       2.436338605265e+04 
       1.736163754447e-02       2.435540217149e+04 
       1.749245527708e-02       2.434598449221e+04 
       1.762332160022e-02       2.433515654274e+04 
       1.775423725501e-02       2.432294309084e+04 
       1.788520300541e-02       2.430935724894e+04 
       1.801621963851e-02       2.429442085937e+04 
       1.814728796482e-02       2.427814644300e+04 
       1.827840881860e-02       2.426055943461e+04 
       1.840958305822e-02       2.424170849175e+04 
       1.854081156645e-02       2.422153451253e+04 
       1.867209525091e-02       2.420013716143e+04 
       1.880343504438e-02       2.417751573956e+04 
       1.893483190525e-02       2.415365910803e+04 
       1.906628681793e-02       2.412857132417e+04 
       1.919780079330e-02       2.410236481563e+04 
       1.932937486913e-02       2.407496095850e+04 
       1.946101011060e-02       2.404644818908e+04 
       1.959270761075e-02       2.401677659403e+04 
       1.972446849103e-02       2.398602983047e+04 
       1.985629390180e-02       2.395417308657e+04 
       1.998818502288e-02       2.392123807626e+04 
       2.012014306414e-02       2.388727852056e+04 
       2.025216926606e-02       2.385227684757e+04 
       2.038426490036e-02       2.381623949405e+04 
       2.051643127062e-02       2.377920317300e+04 
       2.064866971290e-02       2.374121458557e+04 
       2.078098159649e-02       2.370222474654e+04 
       2.091336832450e-02       2.366235400508e+04 
       2.104583133466e-02       2.362147936708e+04 
       2.117837210001e-02       2.357971202213e+04 
       2.131099212968e-02       2.353703427415e+04 
       2.144369296968e-02       2.349347741953e+04 
       2.157647620370e-02       2.344906224768e+04 
       2.170934345396e-02       2.340380383351e+04 
       2.184229638205e-02       2.335769528032e+04 
       2.197533668987e-02       2.331079896661e+04 
       2.210846612048e-02       2.326309895000e+04 
       2.224168645912e-02       2.321463286079e+04 
       2.237499953411e-02       2.316532276137e+04 
       2.250840721795e-02       2.311528999641e+04 
       2.264191142827e-02       2.306451952881e+04 
       2.277551412895e-02       2.301304694981e+04 
       2.290921733124e-02       2.296087610250e+04 
       2.304302309484e-02       2.290795995456e+04 
       2.317693352913e-02       2.285433453288e+04 
       2.331095079438e-02       2.280012391399e+04 
       2.344507710296e-02       2.274521212099e+04 
       2.357931472066e-02       2.268971694028e+04 
       2.371366596802e-02       2.263355529706e+04 
       2.384813322171e-02       2.257677240312e+04 
       2.398271891592e-02       2.251937293663e+04 
       2.411742554383e-02       2.246144565064e+04 
       2.425225565915e-02       2.240294178779e+04 
       2.438721187763e-02       2.234388094949e+04 
       2.452229687871e-02       2.228423303821e+04 
       2.465751340712e-02       2.222407857447e+04 
       2.479286427468e-02       2.216346426440e+04 
       2.492835236198e-02       2.210226811797e+04 
       2.506398062026e-02       2.204060692965e+04 
       2.519975207328e-02       2.197847325848e+04 
       2.533566981927e-02       2.191587319577e+04 
       2.547173703296e-02       2.185277661782e+04 
       2.560795696763e-02       2.178930938391e+04 
       2.574433295728e-02       2.172534226517e+04 
       2.588086841885e-02       2.166101872416e+04 
       2.601756685455e-02       2.159622127871e+04 
       2.615443185417e-02       2.153108282652e+04 
       2.629146709761e-02       2.146551190996e+04 
       2.642867635739e-02       2.139955649400e+04 
       2.656606350129e-02       2.133326397318e+04 
       2.670363249507e-02       2.126665958404e+04 
       2.684138740531e-02       2.119962140348e+04 
       2.697933240233e-02       2.113228311512e+04 
       2.711747176318e-02       2.106464459942e+04 
       2.725580987485e-02       2.099668981260e+04 
       2.739435123743e-02       2.092843922946e+04 
       2.753310046757e-02       2.085989178216e+04 
       2.767206230189e-02       2.079105667120e+04 
       2.781124160065e-02       2.072194794486e+04 
       2.795064335150e-02       2.065258477368e+04 
       2.809027267337e-02       2.058301589800e+04 
       2.823013482050e-02       2.051309335737e+04 
       2.837023518666e-02       2.044302908412e+04 
       2.851057930950e-02       2.037270696914e+04 
       2.865117287508e-02       2.030215805721e+04 
       2.879202172256e-02       2.023138688885e+04 
       2.893313184912e-02       2.016046925422e+04 
       2.907450941498e-02       2.008934577376e+04 
       2.921616074877e-02       2.001802842006e+04 
       2.935809235295e-02       1.994654170790e+04 
       2.950031090956e-02       1.987484059982e+04 
       2.964282328617e-02       1.980306798492e+04 
       2.978563654208e-02       1.973109657564e+04 
       2.992875793475e-02       1.965900403617e+04 
       3.007219492657e-02       1.958675041056e+04 
       3.021595519180e-02       1.951437187141e+04 
       3.036004662395e-02       1.944190797976e+04 
       3.050447734333e-02       1.936928895453e+04 
       3.064925570504e-02       1.929655170742e+04 
       3.079439030726e-02       1.922377142599e+04 
       3.093988999989e-02       1.915081789066e+04 
       3.108576389362e-02       1.907783990311e+04 
       3.123202136935e-02       1.900477835312e+04 
       3.137867208810e-02       1.893163410976e+04 
       3.152572600133e-02       1.885839206699e+04 
       3.167319336170e-02       1.878512519012e+04 
       3.182108473446e-02       1.871174918833e+04 
       3.196941100920e-02       1.863830482290e+04 
       3.211818341231e-02       1.856489768352e+04 
       3.226741351994e-02       1.849139269150e+04 
       3.241711327162e-02       1.841788901811e+04 
       3.256729498455e-02       1.834431792313e+04 
       3.271797136857e-02       1.827070585021e+04 
       3.286915554190e-02       1.819711836305e+04 
       3.302086104765e-02       1.812347193468e+04 
       3.317310187118e-02       1.804979707201e+04 
       3.332589245834e-02       1.797617204306e+04 
       3.347924773468e-02       1.790256074827e+04 
       3.363318312558e-02       1.782883534560e+04 
       3.378771457760e-02       1.775520514085e+04 
       3.394285858079e-02       1.768156063120e+04 
       3.409863219234e-02       1.760787239424e+04 
       3.425505306144e-02       1.753421304789e+04 
       3.441213945556e-02       1.746059541178e+04 
       3.456991028818e-02       1.738701635224e+04 
       3.472838514804e-02       1.731341090410e+04 
       3.488758433012e-02       1.723980420210e+04 
       3.504752886839e-02       1.716627864494e+04 
       3.520824057041e-02       1.709275798837e+04 
       3.536974205406e-02       1.701925068915e+04 
       3.553205678642e-02       1.694577106025e+04 
       3.569520912495e-02       1.687234545606e+04 
       3.585922436124e-02       1.679900702921e+04 
       3.602412876751e-02       1.672568131928e+04 
       3.618994964586e-02       1.665233658803e+04 
       3.635671538081e-02       1.657903383744e+04 
       3.652445549510e-02       1.650581364224e+04 
       3.669320070918e-02       1.643256881685e+04 
       3.686298300452e-02       1.635938799866e+04 
       3.703383569127e-02       1.628630580316e+04 
       3.720579348033e-02       1.621319279750e+04 
       3.737889256048e-02       1.614014064847e+04 
       3.755317068075e-02       1.606710569499e+04 
       3.772866723865e-02       1.599413380353e+04 
       3.790542337462e-02       1.592121962419e+04 
       3.808348207333e-02       1.584832538622e+04 
       3.826288827237e-02       1.577544322862e+04 
       3.844368897902e-02       1.570257108979e+04 
       3.862593339577e-02       1.562981848435e+04 
       3.880967305549e-02       1.555703404146e+04 
       3.899496196701e-02       1.548424496768e+04 
       3.918185677219e-02       1.541154900919e+04 
       3.937041691553e-02       1.533882105354e+04 
       3.956070482749e-02       1.526612240798e+04 
       3.975278612296e-02       1.519344032776e+04 
       3.994672981632e-02       1.512077481497e+04 
       4.014260855473e-02       1.504812605493e+04 
       4.034049887166e-02       1.497549244658e+04 
       4.054048146260e-02       1.490278543264e+04 
       4.074264148545e-02       1.483007065040e+04 
       4.094706888819e-02       1.475741399091e+04 
       4.115385876677e-02       1.468471546275e+04 
       4.136311175672e-02       1.461196498876e+04 
       4.157493446222e-02       1.453916054835e+04 
       4.178943992698e-02       1.446637168609e+04 
       4.200674815187e-02       1.439347776994e+04 
       4.222698666486e-02       1.432057018570e+04 
       4.245029114983e-02       1.424755649447e+04 
       4.267680614122e-02       1.417446347964e+04 
       4.290668579337e-02       1.410128752413e+04 
       4.314009473378e-02       1.402802510870e+04 
       4.337720901158e-02       1.395460829593e+04 
       4.361821715409e-02       1.388114312451e+04 
       4.386332134615e-02       1.380747011557e+04 
       4.411273874961e-02       1.373367328532e+04 
       4.436670298304e-02       1.365969540184e+04 
       4.462546578517e-02       1.358553653527e+04 
       4.488929888946e-02       1.351116842065e+04 
       4.515849614237e-02       1.343655020828e+04 
       4.543337590333e-02       1.336169314692e+04 
       4.571428377167e-02       1.328656652580e+04 
       4.600159569420e-02       1.321113212778e+04 
       4.629572151746e-02       1.313539576483e+04 
       4.659710906112e-02       1.305933688843e+04 
       4.690624880477e-02       1.298285963335e+04 
       4.722367929881e-02       1.290594158798e+04 
       4.754999343417e-02       1.282862904289e+04 
       4.788584573408e-02       1.275070196275e+04 
       4.823196086776e-02       1.267233925321e+04 
       4.858914363080e-02       1.259332899391e+04 
       4.895829069414e-02       1.251367201942e+04 
       4.934040449490e-02       1.243331465609e+04 
       4.973660973320e-02       1.235215279555e+04 
       5.014817305378e-02       1.227010273930e+04 
       5.057652663786e-02       1.218708849084e+04 
       5.102329661699e-02       1.210303901656e+04 
       5.149033745829e-02       1.201780287051e+04 
       5.197977377299e-02       1.193121691479e+04 
       5.249405138330e-02       1.184316640434e+04 
       5.303599996276e-02       1.175341048888e+04 
       5.360891015744e-02       1.166173725218e+04 
       5.421662880258e-02       1.156790216264e+04 
       5.486367664725e-02       1.147152392879e+04 
       5.555539379835e-02       1.137217880983e+04 
       5.629811866726e-02       1.126938566612e+04 
       5.709940604132e-02       1.116241267466e+04 
       5.796828795772e-02       1.105044808205e+04 
       5.891557526987e-02       1.093234153001e+04 
       5.995418433544e-02       1.080661053591e+04 
       6.109944551485e-02       1.067123994099e+04 
       6.236929812133e-02       1.052362272090e+04 
       6.378418878331e-02       1.036016598604e+04 
       6.536636562026e-02       1.017626677990e+04 
       6.713814057353e-02       9.966051693592e+03 
       6.911871977422e-02       9.722689548653e+03 
       7.131965191023e-02       9.439184316398e+03 
       7.374002532023e-02       9.110069490785e+03 
       7.636379223756e-02       8.733816721124e+03 
       7.916152845839e-02       8.314859316388e+03 
       8.209653637946e-02       7.864230289493e+03 
       8.513226794672e-02       7.398042355747e+03 
       8.823765766540e-02       6.934608561628e+03 
       9.138913592937e-02       6.491464866055e+03 
       9.457018017578e-02       6.082979850599e+03 
       9.776980618071e-02       5.719061117484e+03 
       1.009809587675e-01       5.404880294638e+03 
       1.041992041704e-01       5.140992422727e+03 
       1.074217935955e-01       4.924189676767e+03 
       1.106470370061e-01       4.748335863355e+03 
       1.138739005235e-01       4.605240206589e+03 
       1.171017535294e-01       4.485579409057e+03 
       1.203302119910e-01       4.379791940001e+03 
       1.235590422020e-01       4.278852134849e+03 
       1.267881019376e-01       4.175117134983e+03 
       1.300173045901e-01       4.062899500669e+03 
       1.332465973492e-01       3.938864394955e+03 
       1.364759479413e-01       3.802167654424e+03 
       1.397053365753e-01       3.654224669628e+03 
       1.429347510518e-01       3.498249495501e+03 
       1.461641837933e-01       3.338630962293e+03 
       1.493936300406e-01       3.180243557076e+03 
       1.526230867579e-01       3.027816069644e+03 
       1.558525519661e-01       2.885402861060e+03 
       1.590820243383e-01       2.756061796376e+03 
       1.623115029528e-01       2.641632878045e+03 
       1.655409871426e-01       2.542725762368e+03 
       1.687704764031e-01       2.458800078368e+03 
       1.719999703356e-01       2.388349731808e+03 
       1.752294686122e-01       2.329121418589e+03 
       1.784589709541e-01       2.278389328814e+03 
       1.816884771177e-01       2.233222252353e+03 
       1.849179868860e-01       2.191074312526e+03 
       1.881475000625e-01       2.149319596591e+03 
       1.913770164678e-01       2.105484269108e+03 
       1.946065359362e-01       2.058083108579e+03 
       1.978360583146e-01       2.006390243410e+03 
       2.010655834603e-01       1.950449140955e+03 
       2.042951112403e-01       1.891010993688e+03 
       2.075246415302e-01       1.829282676378e+03 
       2.107541742135e-01       1.766770718183e+03 
       2.139837091808e-01       1.705032784660e+03 
       2.172132463294e-01       1.645494473801e+03 
       2.204427855626e-01       1.589322876812e+03 
       2.236723267895e-01       1.537392646503e+03 
       2.269018699244e-01       1.490231667873e+03 
       2.301314148862e-01       1.448031529027e+03 
       2.333609615987e-01       1.410674051829e+03 
       2.365905099897e-01       1.377736222427e+03 
       2.398200599909e-01       1.348562437488e+03 
       2.430496115376e-01       1.322313646343e+03 
       2.462791645687e-01       1.298065695444e+03 
       2.495087190262e-01       1.274900475701e+03 
       2.527382748551e-01       1.251998014216e+03 
       2.559678320030e-01       1.228702556395e+03 
       2.591973904205e-01       1.204560641812e+03 
       2.624269500603e-01       1.179334653200e+03 
       2.656565108776e-01       1.152991395973e+03 
       2.688860728297e-01       1.125677269211e+03 
       2.721156358760e-01       1.097685988477e+03 
       2.753451999778e-01       1.069428718782e+03 
       2.785747650980e-01       1.041376915009e+03 
       2.818043312016e-01       1.013999224378e+03 
       2.850338982549e-01       9.877413478092e+02 
       2.882634662258e-01       9.629396064381e+02 
       2.914930350836e-01       9.398121385379e+02 
       2.947226047990e-01       9.184441141189e+02 
       2.979521753440e-01       8.987957166067e+02 
       3.011817466918e-01       8.807292303355e+02 
       3.044113188166e-01       8.640299839681e+02 
       3.076408916939e-01       8.484477507011e+02 
       3.108704653001e-01       8.337024438454e+02 
       3.141000396126e-01       8.195181936538e+02 
       3.173296146097e-01       8.056359646609e+02 
       3.205591902706e-01       7.918320632603e+02 
       3.237887665754e-01       7.779337996995e+02 
       3.270183435049e-01       7.638369728954e+02 
       3.302479210407e-01       7.495056632620e+02 
       3.334774991650e-01       7.349767343766e+02 
       3.367070778610e-01       7.203362125309e+02 
       3.399366571121e-01       7.057084294600e+02 
       3.431662369026e-01       6.912267112318e+02 
       3.463958172174e-01       6.770258673811e+02 
       3.496253980420e-01       6.632267589673e+02 
       3.528549793621e-01       6.499317576583e+02 
       3.560845611644e-01       6.372138645791e+02 
       3.593141434357e-01       6.251219798175e+02 
       3.625437261634e-01       6.136701956720e+02 
       3.657733093354e-01       6.028357808501e+02 
       3.690028929400e-01       5.925658913826e+02 
       3.722324769659e-01       5.827778607198e+02 
       3.754620614021e-01       5.733799038615e+02 
       3.786916462381e-01       5.642736285060e+02 
       3.819212314638e-01       5.553711095419e+02 
       3.851508170692e-01       5.466037708560e+02 
       3.883804030449e-01       5.379204251690e+02 
       3.916099893817e-01       5.292875844138e+02 
       3.948395760707e-01       5.206887082410e+02 
       3.980691631032e-01       5.121175522166e+02 
       4.012987504709e-01       5.035892758197e+02 
       4.045283381659e-01       4.951236250220e+02 
       4.077579261802e-01       4.867558035764e+02 
       4.109875145063e-01       4.785248194830e+02 
       4.142171031370e-01       4.704708811590e+02 
       4.174466920650e-01       4.626272229685e+02 
       4.206762812835e-01       4.550151219473e+02 
       4.239058707859e-01       4.476486914964e+02 
       4.271354605658e-01       4.405260458430e+02 
       4.303650506167e-01       4.336450287098e+02 
       4.335946409327e-01       4.269938878344e+02 
       4.368242315078e-01       4.205580723781e+02 
       4.400538223363e-01       4.143215618008e+02 
       4.432834134127e-01       4.082611133578e+02 
       4.465130047316e-01       4.023562134064e+02 
       4.497425962877e-01       3.965756293189e+02 
       4.529721880759e-01       3.908973002229e+02 
       4.562017800913e-01       3.852999720387e+02 
       4.594313723291e-01       3.797678998482e+02 
       4.626609647846e-01       3.742976257117e+02 
       4.658905574532e-01       3.688874774357e+02 
       4.691201503306e-01       3.635426714958e+02 
       4.723497434124e-01       3.582670354643e+02 
       4.755793366945e-01       3.530685912482e+02 
       4.788089301728e-01       3.479518626671e+02 
       4.820385238433e-01       3.429268283429e+02 
       4.852681177022e-01       3.380053705446e+02 
       4.884977117458e-01       3.331973964695e+02 
       4.917273059703e-01       3.285085960633e+02 
       4.949569003723e-01       3.239444881632e+02 
       4.981864949483e-01       3.195034767798e+02 
       5.014160896948e-01       3.151769998399e+02 
       5.046456846087e-01       3.109579678354e+02 
       5.078752796867e-01       3.068328259005e+02 
       5.111048749257e-01       3.027958056945e+02 
       5.143344703227e-01       2.988359584115e+02 
       5.175640658746e-01       2.949477760297e+02 
       5.207936615786e-01       2.911245654293e+02 
       5.240232574319e-01       2.873587037533e+02 
       5.272528534318e-01       2.836466965046e+02 
       5.304824495754e-01       2.799833155898e+02 
       5.337120458603e-01       2.763676603509e+02 
       5.369416422839e-01       2.728016519121e+02 
       5.401712388436e-01       2.692894842104e+02 
       5.434008355370e-01       2.658339845836e+02 
       5.466304323618e-01       2.624410135185e+02 
       5.498600293157e-01       2.591100885191e+02 
       5.530896263963e-01       2.558427551588e+02 
       5.563192236014e-01       2.526364089076e+02 
       5.595488209290e-01       2.494919301068e+02 
       5.627784183768e-01       2.464071466977e+02 
       5.660080159429e-01       2.433831570530e+02 
       5.692376136251e-01       2.404189381047e+02 
       5.966146836946e-01       2.172931229894e+02 
       6.275639394871e-01       1.945696952703e+02 
       6.633609294841e-01       1.723230915053e+02 
       7.060833127161e-01       1.501244718761e+02 
       7.593720182239e-01       1.276932657601e+02 
       8.301796462525e-01       1.045321408297e+02 
       9.328867308126e-01       8.022069893496e+01 
       1.096429059892e+00       5.532585061966e+01 
       1.354332099332e+00       3.375603967239e+01 
       1.702965184940e+00       1.956851033381e+01 
       2.143872659376e+00       1.121066612752e+01 
       2.698975665277e+00       6.370053884692e+00 
       3.397809050786e+00       3.592912907385e+00 
       4.277588158459e+00       2.012935930993e+00 
       5.385164433873e+00       1.120868387313e+00 
       6.779520352493e+00       6.206566535232e-01 
       8.534910451530e+00       3.419144975552e-01 
