#        weight    minuslogpost            logA             n_s              H0         omega_b       omega_cdm        tau_reio         Omega_e             n_e         Omega_k             A_s   minuslogprior minuslogprior__0            chi2  chi2__gauss_H0
              2       2.6053607       3.0498284      0.97103156       68.687502     0.022535784       0.1207804     0.047377341    0.0037346972     0.091327765    -0.003417378   2.1111721e-09     -0.70996225      -0.70996225       6.6306459       6.6306459
              4       2.6053607       3.0497484      0.97088834       68.687502     0.022564733      0.12072115     0.048021502    0.0039296802     0.031424361   -0.0037148294   2.1110032e-09     -0.70996225      -0.70996225       6.6306459       6.6306459
              1       2.6053607       3.0493165      0.97198026       68.687502     0.022643522      0.12147554     0.048071993    0.0038380243      0.22990983   -0.0022131483   2.1100918e-09     -0.70996225      -0.70996225       6.6306459       6.6306459
              4       2.6053607        3.048426      0.97174041       68.687502     0.022561062      0.12222101     0.050384583    0.0039237828      0.28052851   -0.0043472343   2.1082134e-09     -0.70996225      -0.70996225       6.6306459       6.6306459
              1       2.6053607       3.0481246      0.97187801       68.687502     0.022532977      0.12218607     0.050644131    0.0011280804      0.30432845   -0.0043038741   2.1075783e-09     -0.70996225      -0.70996225       6.6306459       6.6306459
              1       2.6053607       3.0480151      0.97858049       68.687502     0.022497141      0.12319065     0.054806142    0.0073990735         1.10585    0.0040346541   2.1073473e-09     -0.70996225      -0.70996225       6.6306459       6.6306459
              2       2.6053607       3.0477894      0.97626093       68.687502     0.022388358      0.12340217     0.055667544     0.010283496       1.1071126    0.0063298811   2.1068719e-09     -0.70996225      -0.70996225       6.6306459       6.6306459
              1       2.6053607       3.0477765      0.97624849       68.687502      0.02238994       0.1234001     0.055722739     0.010288306       1.1064706    0.0063365335   2.1068447e-09     -0.70996225      -0.70996225       6.6306459       6.6306459
              1       2.6053607       3.0477154      0.97633905       68.687502     0.022382301      0.12364515     0.055977283     0.010620115        1.100167    0.0057139669   2.1067159e-09     -0.70996225      -0.70996225       6.6306459       6.6306459
              1       2.6053607       3.0454628      0.97596712       68.687502     0.022452242      0.12422184     0.049467125     0.013416051        1.277985    0.0065487078   2.1019758e-09     -0.70996225      -0.70996225       6.6306459       6.6306459
              1       2.6053607       3.0451995      0.97470069       68.687502     0.022368283      0.12526759     0.049113447     0.016588556       1.1301556    0.0080364205   2.1014224e-09     -0.70996225      -0.70996225       6.6306459       6.6306459
